1  -10 -11  -7  -2   2   7   8   7    5   4   1  -1  -6  -6  -3   1   11  15  14  18  12  15   1  -2
 2   -5  -9  -8  -7 -10 -14  -6  -6   -8 -10  -7  -7  -9 -15 -18 -20  -13 -12 -16 -15 -15 -11 -11  -9
 3   -7  -4  -5  -7  -5  -2   1   4    6  10  11  10   7  10   7   3    3   2   1   0  -1  -2  -4  -2
 4   -1   1   3   3   3   3   4   5    5   6   5   2   0  -1  -3  -5   -6  -6  -5   2  10  13  13  13
 5   13  12   9  10   8   3  -1  -4   -4  -5  -7  -7  -6  -3  -1  -2   -4  -4  -1   1   2   2   2   3

 6    2   3   4   5   3   3   3   3    5   6   4   3   4   5   6   7    7   8   4   3   5   6   5   4
 7    7   6   4   5   7   7   6   0  -10 -23 -21 -14 -16 -19 -18 -14   -9  -6  -5  -4  -9  -7  -6  -4
 8   -1   0  -3  -4  -7  -4  -3 -10   -5   1   1  -3  -8 -18 -20 -14   -9  -8  -7  -7 -11 -10 -11  -9
 9   -8  -7  -6  -7  -4  -2   0  -3   -2  -1  -4  -8  -9  -9  -7  -8   -6  -5  -6  -6  -5  -2  -2   0
10    1   3   7   9   7   3  -4  -4   -3  -4  -1   0  -4  -5  -3  -2    0   0  -3  -4  -4  -5  -9 -10

11  -11 -12 -12 -11 -12 -11  -6  -2    1   1   1   2   2   5   9   8   10  17  18  15   2  -3  -7  -7
12   -8  -8  -8  -5  -4  -2   0   2    1  -2  -7  -2   0   1   4   5    3  -5  -8  -6  -1   1  -4  -5
13   -8  -4  -5  -7  -2   1   2   3    3   4   5   5   5   1   0   0    1   5   5  -2  -9  -6  -6 -13
14  -20 -19 -16 -15 -19 -27 -32 -36  -29 -23 -26 -22 -25 -23 -24 -20  -18 -14 -10 -15 -16 -16 -17 -19
15  -19 -16 -14 -10  -9 -11  -8  -5   -5  -4   1   1   0  -2  -3  -3   -3  -2  -6  -5  -9 -15 -16 -15

16  -15 -12 -10  -8  -5  -4   0   3    5   2  -1  -3   4  10  13  16    3 -11 -19 -15 -16 -16 -17 -13
17   -9  -7  -8  -8 -10 -13 -10  -3   -4  -5  -8 -10 -12 -17 -19 -17  -20 -26 -34 -34 -39 -38 -34 -30
18  -27 -25 -22 -19 -17 -14 -12  -9   -9 -10 -10  -8  -6 -10 -11 -10  -10  -8 -10  -8 -11 -20 -30 -25
19  -22 -18 -19 -18 -16  -9  -4  -3   -1  -4 -10 -12 -12  -9 -10 -12  -14 -11 -14 -15 -12 -10 -11 -11
20  -12  -9  -6  -4  -3  -3  -2   2    5   1  -7 -18 -21 -22 -22 -13  -11 -10 -12 -12 -12  -7  -8  -8

21  -12 -10 -16 -16 -12  -7  -2   4    8   9   8   5   4   3   0  -2   -6  -8  -9  -6  -7 -18 -23 -22
22  -21 -22 -22 -21 -16 -12 -11 -11   -9  -8  -5  -3  -8 -13 -18 -20  -22 -21 -21 -17 -17 -17 -21 -25
23  -30 -31 -32 -29 -25 -20 -15 -11   -7  -7  -7 -11 -11  -8  -7  -6   -9 -12 -15 -18 -18 -18 -20 -21
24  -23 -22 -21 -21 -19 -18 -14 -11  -10  -6  -6  -4  -5  -5  -6  -6   -6  -8  -9  -9 -11 -11  -8  -7
25   -7  -6  -5  -5  -1   2   6  10   12  15  17  20  22  19  15  15   13  15  19  19  16  13   8   4

26    2   2   3   6   7  10   9   7    5   8  14  15   7   2  -3  -5   -6  -9 -12 -13 -12 -13 -15 -13
27   -8  -2  -2   0  -1   1   3   8   12  11  13  13   9   7   6   6    8   9   5   5   5   4   2   3
28   -2   1   3   6   8  11  12  11    7   7   4   3   3   0  -5  -1    4   9  11   7   3  -4  -5 -17