1  -18 -21 -16 -21 -19 -16 -15 -13  -15 -39 -55 -39 -27 -24 -35 -45  -47 -50 -41 -36 -39 -42 -48 -47
 2  -39 -32 -33 -33 -31 -27 -25 -26  -28 -22 -16 -14 -19 -24 -25 -23  -20 -23 -26 -22 -21 -21 -25 -26
 3  -22 -20 -25 -28 -26 -19 -19 -25  -26 -24 -17 -10  -8  -9 -12 -14  -16 -17 -17 -17 -19 -23 -22 -23
 4  -25 -30 -31 -29 -23 -20 -18 -17  -13 -12 -13 -12  -9  -7  -6  -7   -8  -9 -11 -11 -12 -16 -17 -15
 5  -15 -12 -12 -15 -14 -12  -9  -9   -6  -2   2   1  -2  -4  -5  -6   -8  -7  -7  -4  -2   0  -2  -9

 6  -14 -14 -16 -14 -10  -7  -4  -4   -2  -1   4   8   8   5   3   1    1   3   8   9   7   3   4   1
 7    0   3   2   5   7   7   8   7    6   7   5   1   4   5   5   2    0  -1  -1  -1   1   2   3   6
 8    7   5   4   3   3   5   8   8    7   7   7   5   3   2   1   1    3   4   3   3  -1   0   4   7
 9    4   1   4   2   2   3   0   0    0   1   1   0   3   6   3   3    4   3   1   9  11   5   4   6
10   10  12  11  11  13  12  10   7    7   9  13  13  13  12  10   7    7  10  11  12  10   3  -4  -5

11   -1  -2  -1   3   5   8   6  -2   -2   1   4   7   8   9  11   6    3   3   1   2   4   8  10  11
12    9   5   3   6   8   9  10   8    9  15  21  22  21  20  15  10    5  -1   0   9   9   7   3   1
13    1  -4  -5  -2   0   1   1   0    0   2   7   9   9   8   9  10    8   8   6   8   9  10   9   7
14    8   9  10  10   7   6   7   6    7   9  10  14  15  18  18  17   10   7   3   6   5   6   5   1
15    1   0   1   1   1  12   8  -5   -4   3   4   3   1   2   4   3    2   2   0   1  -1  -1  -2  -3

16   -5 -10 -12 -20 -19 -21 -24 -21  -22 -25 -22 -16 -10 -11 -11 -11  -11 -11 -10  -6  -5  -7 -10 -10
17  -12 -14 -13 -10  -8  -7  15  -4  -22 -66 -89 -82 -87 -86 -90 -90  -84 -99 -99 -116 -132 -131 -116 -106
18  -97 -85 -78 -70 -65 -64 -60 -56  -54 -49 -43 -42 -43 -42 -45 -48  -51 -50 -49 -47 -47 -46 -47 -47
19  -46 -47 -45 -39 -37 -36 -35 -37  -39 -41 -40 -38 -36 -34 -32 -32  -32 -29 -30 -29 -36 -36 -33 -33
20  -33 -34 -32 -30 -31 -34 -30 -28  -28 -31 -30 -29 -22 -25 -30 -34  -39 -39 -35 -26 -23 -33 -36 -44

21  -50 -54 -51 -53 -54 -51 -50 -52  -52 -49 -40 -36 -37 -36 -34 -34  -35 -36 -37 -33 -33 -28 -24 -25
22  -24 -24 -21 -19 -17 -19 -25 -28  -27 -25 -18 -11 -16 -18 -12 -13  -15 -20 -27 -32 -27 -21 -21 -22
23  -20 -13 -14 -15 -13 -10  -9 -15  -18 -19 -18 -11  -8  -8 -10 -16  -19 -20 -17 -17 -20 -13  -7  -1
24   -5 -10  -7  -6  -5  -4  -8  -9   -7  -6  -4  -4  -8  -9 -10 -15  -17 -17 -19 -21 -18 -17 -17 -17
25  -15 -14 -13 -11 -10 -10 -11  -7   -7  -5  -9  -6  -6  -5  -4  -3    0   2   3  -2  -4  -5  -8  -8

26   -7  -6  -4  -5  -4  -5  -6  -7   -7  -8  -5  -4  -5  -6  -4  -5   -6  -7  -8  -6  -3   0   1   2
27    5   9   6  -1  -7  -8 -11 -15  -11 -15 -22 -20 -10  -2  -5 -14  -32 -34 -27 -27 -29 -32 -32 -33
28  -31 -24 -26 -26 -26 -24 -25 -26  -25 -23 -20 -23 -20 -17 -16 -17  -22 -28 -32 -31 -30 -26 -18 -14
29  -18 -22 -19 -19 -26 -37 -46 -47  -42 -46 -45 -48 -44 -40 -50 -50  -60 -61 -56 -48 -50 -48 -45 -46
30  -41 -41 -35 -46 -43 -39 -37 -37  -38 -42 -38 -34 -32 -30 -30 -29  -32 -35 -40 -37 -37 -35 -32 -30

31  -25 -22 -18 -15 -13 -15 -17 -20  -21 -21 -19 -21 -20 -20 -15 -14  -18 -23 -29 -28 -27 -22 -21 -20
