 1    2   2   0  -1  -1   0   1   2    2   0  -2  -2   0   1  -1  -3   -2  -1   0   1   0   0   2   4
 2    5   6   7   8   8   9  11   7    4   1  -1   2   3   0  -4  -3   -2   0   2   4   4   1  -1   1
 3    4   5   8   9   9   9   9  10   12  13  13  17  19  19  17  14   11   8   5   7   9   9   5   5
 4    2   2   7  10  10   9   9  10   10  10  11  12  11  12  12  12    8   4   5   6   6   2  -1   0
 5   -1   0   1   2   4   5   6   6    8  10  10   9   8   8   7   6    3   2   4   4   5   4   2  -2

 6   -5  -6  -4   1   5   6   9  13   17  18  19  19  17  17  20  19   16   8   7   9  13  13   9   4
 7    2   1   0   3   5   6   3   3    7  10  14  16  16  15  13  13   12  12  12  11   7   6   1   0
 8   -1  -2  -2   0   1   4   6   8    8   6   6  10  12  13  17  17   12  10   8   6   6  -1  -2   0
 9   -3  -3   3   7   7   4   3   5    6   6   6   4  -1  -3   0   0   -2  -4  -3   0  -1  -4  -9  -8
10   -5  -6  -5  -5  -6  -5  -5  -2    0   1   2   6   4   1  -1  -1   -1   1   1   2   5   3   2   0

11    1   4   8   9   8  10  15  16   15  11  12  13  13  15  13  10    8   9  10  10   9   7   2  -4
12   -8  -8  -9  -5  -3  -4   0   3    5   3   5   6   8  11  13  13   11   8   7   6   4   4   4   3
13    0   0   6   7   6   5   1   2   -1  -7  -8  -4   0   3   5   6    7  10   7   3  -4 -11 -19 -15
14  -13 -18 -18 -11  -8 -11 -15 -21  -20 -24 -29 -30 -27 -23 -14  -9   -7  -6  -7  -5  -5  -7  -7  -7
15   -9  -8  -7  -8  -7  -7  -7  -9  -13 -18 -24 -26 -23 -17 -13  -6   -5  -5  -5  -3  -2  -3  -4  -7

16  -10  -9  -7  -5   0   0   0  -2   -3  -7  -8  -7  -6  -5   0   2    1   3   9   7   1   0  -2  -2
17   12  26  39  41  29  24  22  13   10   8   5   8  17  32  25   0  -27 -45 -49 -44 -48 -52 -53 -53
18  -53 -49 -45 -43 -36 -31 -28 -28  -23 -21 -22 -20 -13  11   8   3    9  11  20  25  22  18   3  -9
19  -16 -17 -15 -15 -19 -17 -15 -11  -12 -18 -21 -25 -26 -27 -20 -15  -12  -3   6   5   3  -6 -13 -15
20  -20 -27 -34 -32 -29 -27 -28 -31  -30 -27 -24 -26 -22 -17 -16 -16  -18 -20 -15 -13 -12 -10 -10 -10

21  -13 -12 -13 -15 -18 -18 -16 -15  -14 -14 -14 -16 -17 -14 -11  -8   -8  -8  -8  -5  -5  -7 -10 -10
22   -7  -6  -8 -10 -11  -9  -8  -4   -1  -3  -3  -4  -4  -7  -9  -7   -4  -2  -2  -1  -1  -1  -1   1
23    2  -1  -3  -5  -7  -9  -6  -2   -2  -1   1   5   9  10  11  14   13   9   5   2   0   0  -3  -5
24   -7  -8  -9  -8  -4  -3  -5  -7  -10  -9  -5   0   2   6   6   5    4   3   2   4   7  12  15  16
25   16  18  20  15   9   2   0  -2   -3   3   4   2   5  10  11  13   12  20  15  17  22  21  20   7

26  -19 -17 -13  -9 -11 -17 -24 -19  -19 -29 -28 -28 -26 -21 -21 -34  -33 -25 -28 -28 -29 -43 -51 -37
27  -35 -32 -33 -34 -33 -33 -34 -33  -31 -33 -31 -26 -20 -16 -15 -14  -15 -16 -15 -16 -16 -19 -19 -16
28  -15 -13 -14 -13 -14 -17 -17 -19  -16 -16 -16 -17 -16 -15 -14 -13  -11 -10 -11  -9 -11 -13 -12  -8
29   -5  -6  -6  -8 -12 -15 -14 -11   -8  -7  -8  -9  -3   1   3   3    2   0  -1  -2  -3  -5  -5  -3
30    0  -1  -1   0  -1  -2  -2  -2   -3  -4  -6  -8  -8  -6  -1   0    2   3   1  -2  -4  -8 -10  -9

31   -8  -7  -6  -4  -1   0   5   7    8   8   8   8   9  10  10  11   12  12   9  10  12  11   9   4
