1   20   9 -32 -68 -98-106-103-116 -119 -98 -85 -80 -80 -82 -71 -65  -65 -61 -55 -51 -50 -46 -43 -37
 2  -35 -38 -34 -45 -46 -46 -47 -38  -34 -32 -36 -39 -35 -34 -39 -38  -38 -34 -33 -38 -36 -29 -24 -25
 3  -25 -24 -28 -28 -29 -26 -22 -18  -19 -20 -23 -24 -24 -23 -23 -18  -18 -17 -16 -16 -17 -18 -14 -18
 4  -16 -21 -23 -21 -22 -21 -19 -21  -18 -13 -15 -20 -22 -22 -22 -21  -20 -17 -13 -11 -11  -6  -3  -2
 5   -7  -7  -5  -7 -14 -18 -14  -8   -8  -8  -9  -9  -9  -5  -7  -7   -8 -11 -12 -15 -16 -16 -17 -18

 6  -19 -19 -17 -12 -10  -6  -6 -10  -15 -11 -10 -12 -14 -19 -17  -9  -15 -12 -18 -33 -41 -49 -56 -54
 7  -57 -63 -71 -62 -70 -73 -68 -67  -51 -46 -44 -35 -39 -42 -39 -42  -39 -34 -32 -29 -25 -23 -20 -17
 8  -17 -19 -20 -20 -15 -19 -12 -14   -6  -2  -4 -12 -11 -12 -13 -14  -14 -12  -8  -9 -10  -9  -8  -9
 9   -7  -7  -1   0   3   4   5   5    5   5   4   4   5   2  -2  -9  -12 -15  -7  -6  -2  -4  -5  -4
10   -3  -7 -11 -10 -13 -13  -9  -8   -5  -7  -4  -5  -7  -8  -4  -7   -4  -3  -2  -6  -8  -9  -8  -5

11   -4  -2  -2  -3  -5  -5  -5  -2   -2  -3  -3   0  -3  -4  -9 -10  -11 -10 -13 -11  -9  -8  -7  -6
12   -9  -8  -4  -5  -7  -7  -7  -9   -8  -8  -7  -5  -5  -6  -8  -7   -5  -5  -4  -2  -2  -4  -2  -4
13   -8 -11  -7  -3   0   0   2   2    0  -1   0   2   1  -2  -4  -5   -4  -2  -2   0   0   0  -1   0
14    2   2   2   1   1   0  -1  -1    0   1   5   5   7   9  11  11   11  11  10   6   5   6   3  -1
15   -1   4   7   9  11  14  15   9    6   4   3   1  -2  -5  -6  -4   -2  -3   1   3   1  -1  -3  -1

16    1   3   7   8   8   8   6   6    6   7   6   7   8   7   5   5    3   1  -1  -1   1   4   7   8
17    8   9   5   3   1   0  -1  -2    0   0  -2  -2  -4  -5  -4  -4   -3   1   2   3   4   5   8  13
18   16  13   6  -1  -8 -10  -7  -5   -4  -3  -5  -5  -7  -6  -8  -8   -9  -9  -9  -8  -6  -6  -4   6
19   11   8   3  -2  -1   0   1   4    5   6   5   3  -1  -4  -4  -3   -1   1   3   2   1   2   6  11
20    6  -2  -4  -4  -5  -5  -2   1    3   8   7  10   9   2  -5  -7   -8  -4  -1  -2  -5  -7  -2  -4

21   -6 -16 -17 -12 -12 -13 -14 -12  -12 -10 -12 -11 -10 -11 -11  -8   -3   0   0  -5  -9 -21 -19 -16
22  -11 -15 -14 -16 -12 -15 -14 -14  -12 -12 -18 -20 -18 -18 -17 -18  -18 -20 -19 -24 -27 -24 -21 -16
23  -14 -14 -13 -16 -14 -14 -18 -13  -12 -23 -28 -27 -22 -17 -20 -22  -21 -24 -20 -20 -18 -23 -32 -33
24  -28 -23 -21 -23 -26 -28 -20 -14  -14 -22 -29 -31 -31 -25 -22 -26  -27 -28 -31 -39 -35 -40 -43 -45
25  -36 -31 -30 -31 -29 -26 -23 -20  -18 -15 -22 -24 -25 -23 -21 -18  -14 -11 -10 -13 -16 -17 -14 -14

26  -14 -14 -10  -6  -5  -3  -2  -1   -3  -4  -6  -9  -9  -7  -5  -5   -7  -9  -5  -7 -10 -13 -15 -14
27  -13 -12  -9  -8 -10 -10  -7  -6   -7  -7 -10 -11 -11  -9  -2   8    4   1   5   1   0   1   0   2
28    9   6  -3  -1  -8 -13 -11 -10   -9  -8 -12 -15 -22 -28 -32 -32  -41 -43 -48 -54 -62 -71 -77 -87
29  -92 -98 -96 -94 -94 -96 -98 -94  -97 -87 -94 -74 -87 -80 -71 -72  -70 -71 -62 -62 -64 -56 -44 -41
30  -44 -48 -42 -38 -38 -35 -33 -31  -29 -30 -30 -28 -31 -29 -28 -29  -29 -30 -30 -30 -34 -36 -37 -38