1   -6 -12 -17 -18 -24 -23 -28 -43  -38 -35 -38 -38 -46 -48 -43 -49  -54 -62 -67 -65 -59 -56 -57 -46
 2  -40 -47 -52 -48 -42 -36 -39 -33  -28 -32 -32 -27 -25 -24 -24 -23  -25 -24 -27 -28 -27 -23 -21 -18
 3  -18 -20 -19 -16 -16 -15 -16 -13  -12 -14 -13 -14 -13 -10 -11 -11  -11 -12 -12  -9 -12 -11 -11 -13
 4  -13 -11 -10  -8  -8  -9  -8  -9  -10  -9  -9  -8  -8  -8 -11 -11  -11 -13 -16 -19 -20 -17 -16 -20
 5  -21 -20 -19 -19 -20 -24 -28 -23  -20 -14  -9 -11 -10  -7  -6  -7    2   1  -1   0   0   0   4   4

 6    3   5   4   3   6   8  12  10   12   2   3   6  12  14  14  18   14  14  13  11   7  -3  -1  -3
 7   -3  -7 -11  -8  -3  -5  -4   0   -2  -1   1   1   2   1   4   5    4   3   3   2   0  -2  -2   0
 8    1   2   4   5   0  -2  -2   2   -1  -4  -1  -2   1   2   3   3    1  -3   0   1   0   0  -1  -2
 9   -4  -4  -4  -2  -2   0   2   1    3   5   6   6   7   8   8   7    5   2   1   2   5   8  11  11
10   11  13  13  11   7   6   6   4    4   5   3   2   0   3  10  14   13  11  10   9   8   7   6   8

11    8   7   7   6   7   7   6   6    7   7   7   6   4   3   2   2    3   4   6   7   7   7   7   5
12    5   5   2   0   1   3   2   2    1   1   2   2   3   3   5   7   11  11  11  10  12  12  11   9
13    6   9   9   8   9  12  12   9    6   6   9  12  11  10  11  13   17  15  16  18  17  17  19  19
14   20  21  14  11  13  17  19  18    9  -1  -8 -14  -9  -8  -6 -10  -11  -8  -7  -1  -5  -7  -2   3
15    1   1   0   5  12  16  16  13   10  21  19  17  12  18  14  18   19  17  13  16  16  11  11  10

16   12  13   3  -1   1   0  -4  -6   -3  -1   2  -1  -1   0  14   5   13   5   1  -7 -17 -19 -27 -32
17  -29 -25 -22 -22 -21 -20 -17 -11   -1   3   4   0   0   0   7   8    6  -3  -3  -6  -4  -5 -10 -14
18  -15 -13 -29 -49 -57 -51 -47 -50  -55 -46 -38 -36 -30 -28 -23 -22  -20 -24 -29 -30 -30 -34 -39 -43
19  -43 -41 -40 -33 -30 -27 -27 -31  -33 -37 -39 -40 -42 -45 -46 -46  -44 -38 -33 -31 -32 -32 -29 -14
20  -11 -11 -10  -7  -5  -6  -6  -8   -9  -5  -2  -1  -3  -2  -1  -2   -3  -8  -6  -5  -5  -7  -9 -11

21   -9 -10 -11 -10 -11 -11 -11 -14  -10  -4  -3  -4  -3  -2  -3  -2   -1  -2  -3  -5  -6  -3   0  -7
22  -10 -12  -4   3   6   4   7  14   17  15   7  11  17  13  17  15    4  -2  -1  -1 -11 -14 -16 -11
23   -8  -4  -4  -5   0  -1   1   1   -2  -3  -2   1   0   2   5   1    0  -2  -1  -4  -7 -11 -12 -11
24   -5   0  -1   1   0  -4  -3  -2   -5 -11 -13 -11 -16 -22 -19 -16  -16 -15   0  -5 -16 -23 -16 -16
25  -18 -16 -22 -36 -43 -53 -54 -46  -33 -24 -14 -30 -25 -22 -23 -30  -43 -50 -48 -50 -43 -47 -48 -39

26  -18  -7 -15 -25 -23 -38 -36 -35  -34 -35 -35 -35 -31 -28 -25 -24  -22 -22 -21 -27 -30 -33 -38 -34
27  -28 -23 -21 -24 -31 -27 -24 -24  -24 -20 -21 -14 -15 -19 -21 -17  -15 -16 -20 -24 -25 -23 -26 -27
28  -29 -29 -26 -28 -26 -21 -22 -22  -19 -22 -19 -16 -16 -17 -15 -14  -15 -17 -17 -16 -17 -19 -19 -17
29  -16 -15 -12  -9  -8  -9  -9 -10  -10 -10 -11 -12 -13 -13 -11 -11  -12 -13 -11 -10 -12 -13 -14 -13
30  -11 -11  -9  -6  -7  -7  -8  -7   -6  -6  -6  -3  -1  -2  -4  -4   -3  -1  -3  -4  -6  -7  -9  -9

31   -5  -1   2   7   7   2   3   7    7   5   5   3   5   5   8   8   17  23  20  17  14  10  10   8
