1    0  -1  -1   0   2   1  -1  -4   -4  -4  -4  -3  -1   0   5   9    8  14  17  17  16  14  14  13
 2   13  12  11   8   9  11  10   9    8   8   9   9   8   6   9  11   12  11  12  12  11  10  10   4
 3    3   3   3   6  10  12  11  13   12  12  11  11  10  10  12  14   13  17  15  11  10   8   5   9
 4   12  10   9  11  18  24  24  17   10   7  15  17  13  13  13  22   10 -22 -19 -19 -27 -34 -39 -31
 5  -35 -42 -44 -38 -39 -35 -29 -27  -32 -34 -30 -29 -22 -21 -22 -21  -21 -20 -14 -13 -20 -25 -27 -31

 6  -34 -33 -27 -25 -22 -18 -17 -17  -17 -16 -13 -11 -10 -10  -8  -8   -7  -5  -6  -9 -11 -17 -18 -17
 7  -17 -18 -16 -13  -9  -6  -6  -5   -4  -4  -4  -3  -1   1   0  -2   -2  -3  -5  -8 -10 -10 -11 -11
 8  -11 -11 -12  -8  -5  -1  -1  -4   -5  -8  -7  -4  -2  -1   0   0   -1  -3  -2  -3   0   5   0  -2
 9   -2  -5  -2   5  10   8  10  10   12  14  13  11   6  10  16  16   12  10  11   9   9   4   3   0
10   -2  -1  -4  -3   2   5   6   3    5   4   5  11  13  11   5   9   10  14  17  18  18  16  14  10

11    5   3   7   7   5   7   9  11   11  10   9  10   9   9   8   7    5   4   3   6   9   7   5  -1
12   -2   3   6   8  13  15  15  14   13  14  14  13  13  10  11  15   11  13  12  11  12   9   6   3
13    3   3   1   1   5  10  12  11   14  12   7  10  16  20  21  25   16   2  -2   2   4  -1  -3  -2
14   -5 -10 -19 -22 -20 -13 -11  -6   -4  -2  -2   1   0  -1  -2   0    4  11  10   8   4  -2  -9 -15
15  -20 -23 -22 -17 -11  -4  -2   3    0  -8 -19 -16  -4  -1  -3  -4   -7  -9  -4   1  -4 -11 -19 -19

16  -12 -16 -18 -25 -35 -29 -20 -23  -30 -30 -26 -21 -26 -27 -28 -26  -26 -25 -24 -21 -20 -20 -21 -23
17  -20 -18 -18 -16 -18 -17 -15 -11  -11 -12 -12 -13 -14 -16 -18 -17  -14 -12 -12 -13 -14 -16 -13 -10
18   -7  -7  -6  -9  -8  -5  -6  -8   -9  -5  -4  -3  -6  -7  -7  -5   -4  -9 -13 -16 -14 -11  -8  -6
19   -5  -6  -6  -3   0   2   3   3    3   1   0   1  -2  -4  -7  -9   -8  -7  -8  -6  -6  -6  -6  -5
20   -3  -3  -1   1   1   1   1   2    2   2   3   3   0   0   1   4    6   8  11  16  16  18  26  35

21   27  28  27   8  -9 -20 -20  -9   -7  -9  -8 -12 -15 -15  -8  -4    0   9  10  -7  -7 -17 -15 -10
22   -8  -7 -13 -10  -4  -4 -10 -12   -7  -9 -11 -10 -13 -12 -11 -11  -13 -13 -11  -4  -6 -10 -14 -23
23  -27 -31 -34 -26 -20 -21 -21 -17  -16 -18 -28 -26 -17 -17 -20 -20  -20 -21 -19 -17 -15 -16 -16 -19
24  -16 -13 -12  -9  -5  -1  -1  -1   -4  -8 -10 -11 -12 -12 -16 -15  -11 -11 -10 -13 -15 -17 -17 -17
25  -16 -15 -11  -7  -4  -6  -9 -13  -15 -17 -12 -14 -18 -19 -18 -19  -17 -19 -20 -20 -20 -20 -21 -23

26  -21 -18 -16 -13  -9  -8  -8  -5   -4  -1  -1  -1  -5  -5  -4  -1   -3  -4  -2   1  -1  -1  -1  -4
27   -8 -13 -12  -9  -7  -4  -1   2    3   3   2  -4  -9 -10  -7   4    5  -1 -23 -37 -51 -54 -47 -47
28  -45 -44 -49 -49 -45 -37 -35 -29  -22 -22 -22 -21 -21 -23 -24 -22  -21 -18 -19 -21 -22 -21 -21 -22
29  -18 -14 -13 -12 -10  -8  -7  -5   -4  -4  -6  -6  -4  -4  -6  -9   -9  -7  -9  -8  -7  -7  -6  -6
30   -4  -2   0   3   5   5   6   7    9  13  15   9   6   7  10  13    9   5   2  -5  -7  -4 -10 -26

31  -33 -36 -37 -32 -22 -16 -16 -26  -35 -30 -26 -21 -20 -26 -27 -24  -23 -21 -19 -19 -16  -9  -9 -11