 1  -30 -30 -27 -26 -28 -29 -29 -31  -33 -34 -32 -27 -23 -24 -26 -20  -18 -16 -17 -20 -21 -20 -15 -15
 2  -15 -13 -11 -12 -12 -12 -14 -15  -14 -13  -7  -3  -3  -4  -6  -9   -6  -4  -4  -4  -6 -10 -10 -13
 3  -15 -13 -11 -12 -16 -17 -18 -23  -19 -17 -15 -12  -7  -7  -6  -5   -3  -3  -5  -6  -8  -7 -15 -16
 4  -14 -12 -10 -10 -12 -16 -15 -15  -13 -15 -23 -22 -19 -15 -14 -17  -16  -8  -8  -9 -10 -11 -11 -13
 5  -14 -16 -14 -13 -17 -19 -20 -21  -26 -28 -22 -20 -19 -17 -14 -13   -9  -6  -5  -4  -4  -6  -4  -5

 6   -6  -5  -3  -2  -3  -5  -5  -7   -9  -9  -7  -4  -3  -2   2   5    6   7   5   4   4   0  -5 -11
 7   -7  -2  -1  -2  -8 -14 -20 -23  -20 -30 -40 -48 -54 -44 -36 -36  -32 -28 -26 -17 -19 -24 -26 -26
 8  -25 -21 -17 -15 -16 -19 -21 -21  -19 -16 -20 -17 -16 -15 -13 -14  -12 -11  -8  -4  -2   0   4   6
 9    6   4   1  -8 -24 -34 -58 -75  -81 -75 -74 -68 -59 -56 -47 -46  -44 -42 -37 -31 -29 -27 -26 -26
10  -26 -29 -33 -32 -29 -27 -27 -28  -31 -37 -37 -34 -30 -32 -36 -36  -31 -30 -27 -21 -24 -28 -30 -31

11  -39 -44 -41 -32 -38 -53 -67 -70  -58 -54 -56 -55 -51 -48 -37 -38  -38 -32 -28 -31 -29 -28 -27 -27
12  -26 -25 -26 -26 -25 -22 -23 -26  -26 -22 -17 -17 -16 -15 -16 -18  -16 -15 -16 -18 -17 -18 -22 -26
13  -28 -27 -23 -20 -20 -22 -25 -27  -25 -25 -23 -18 -16 -16 -19 -20  -18 -17 -16 -14 -11 -13 -12 -12
14  -11 -12 -13 -14 -13 -10  -8  -8   -8 -11 -11  -9  -8  -9 -13 -13  -12 -11 -11 -10 -10 -10 -11 -14
15  -13 -15 -18 -20 -16 -18 -19 -22  -20 -22 -22 -18 -18 -14  -9 -11  -18 -18 -21 -22 -21 -25 -25 -31

16  -38 -43 -44 -39 -31 -32 -33 -29  -28 -27 -26 -21 -24 -17 -12 -14  -10 -10 -11 -13 -14 -15 -16 -18
17  -15 -14 -14 -17 -18 -18 -23 -27  -23 -22 -22 -23 -21 -17 -17 -18  -14 -11 -12 -11 -12 -12 -12 -13
18  -15 -16 -11 -10  -8  -7 -12 -15  -18 -18 -16 -13 -12 -13 -12 -11   -8  -8  -8  -4  -3  -3  -4  -3
19    0   1   0  -2  -5  -4  -5  -7   -7  -8  -6  -1   0   1   0   4    7   5   0  -4  -7  -6  -6  -6
20   -5  -7  -8  -7  -5  -5  -6 -10  -13 -16 -12 -11 -13  -9  -6  -6   -4  -5  -6  -6  -8  -8  -8  -8

21   -6  -7  -7  -8  -7  -6  -5  -6   -5  -4  -2  -1  -3  -4  -2  -1   -1  -2  -3  -3  -4  -4  -7  -8
22  -10  -9  -8  -5  -2  -3  -2  -1   -1  -4  -4  -3  -1  -1   0   0    3   4   3   1  -1  -2  -4  -5
23   -5  -3   1  -2  -4   0   1  -4  -15 -22 -24 -28 -27 -22 -23 -19  -17 -11 -12 -11  -9 -10 -11 -10
24   -9  -7  -7 -10 -11 -11 -10  -8   -8 -10 -11 -10  -7  -7  -7  -9  -10  -9  -7  -9  -8  -7  -7  -6
25   -4  -4  -6  -8  -6  -5  -4  -4   -5  -6  -6  -6  -6  -8  -6  -6   -5  -4  -4  -2  -2  -1   1   2

26    1   0   0   0  -1  -3  -3  -2   -1  -1  -3  -2  -1   0   0  -1    2   6   7   7   8   9  14  15
27   15  17  16  13  10   9   7   6    8  10   9  10   9   9   8   9    5   5   7   7   7   9   9  10
28   10  10  10  11  11  11  10  11   11   9  10   8   9  11  10   9   12  11   7   8   7   4   2   1
29    2   2   6  15  15  10   9   5    1   3   7   6   9  10   9   4    8   2  -2  -7  -9 -11  -8  -7
30   -9  -7  -8  -5  -5  -5  -4  -2   -3  -7  -9  -9  -6  -3  -7 -11  -10 -10 -11 -14 -13  -5  -6 -13