 1   14  16  17  17  20  20  21  23   23  22  23  19  17  13  13   7   12  20  19  13   9   2  -3  -4
 2   -1   2  30  -6 -14 -35 -64 -67  -61 -56 -58 -55 -60 -58 -54 -50  -45 -39 -38 -43 -46 -50 -50 -43
 3  -42 -49 -48 -46 -44 -44 -42 -40  -35 -32 -30 -29 -29 -28 -26 -22  -16 -13 -11 -12 -20 -22 -23 -23
 4  -23 -20 -16 -15 -16 -16 -16 -16  -13 -10 -12 -15 -17 -17 -17 -16  -14 -14 -13 -12 -12 -11 -10 -11
 5  -13 -12 -10  -9 -10 -10  -9  -8   -8  -9  -9  -8  -8  -8  -8  -8   -7  -7  -8  -8  -7  -5  -3  -3

 6   -4  -4  -2  -2  -1   0   1   1    2   1   2   3   2   0  -1  -1    0   3   1  -2  -3  -6  -6  -3
 7   -1   3   6   0  -4  -7  -9  -9   -9 -11  -9  -6  -5  -6  -8  -6   -7  -7  -9 -11  -8  -6  -6  -7
 8   -8  -5  -5  -7  -4  -1   1   1    0  -2  -2  -2  -5  -4   2   9   12  14  15  10  22  14 -29 -15
 9  -61 -62 -54 -58 -50 -49 -48 -44  -40 -28 -28 -37 -38 -34 -24 -14  -16 -23 -25 -23 -18  -4  -6  -8
10  -21 -31 -27 -26 -33 -36 -33 -27  -24 -22 -22 -24 -25 -23 -22 -21  -18 -19 -18 -19 -17 -19 -15 -15

11  -18 -19 -19 -19 -21 -20 -18 -20  -20 -19 -19 -16 -14 -10  -7  -7   -6  -4  -1  -5  -6  -6  -6  -7
12   -7  -8  -9  -9  -9 -10  -8  -6   -5  -5  -4  -4   0   1   5   7    8   6   3   3   3   3   1  -4
13   -5  -4  -3  -2  -2  -1   1   4    7   7   6   4   2   1   0   2    4   7   7   6   7   5   1  -3
14   -4  -3  -5  -9 -10  -6  -5  -3    2   8  -3 -13 -12  -3  -5 -15  -20 -22 -22 -36 -37 -36 -33 -37
15  -37 -39 -37 -43 -39 -39 -36 -33  -26 -22 -22 -21 -24 -20 -19 -20  -19 -15 -13 -12 -11 -11  -8 -13

16  -16 -18 -18 -24 -25 -22 -20 -21  -21 -21 -20 -17 -13 -11 -10 -11  -16 -15 -16 -11  -5  -5  -4  -6
17   -8  -9 -11 -10 -10 -14 -17 -16  -17 -18 -18 -16 -17 -11 -11 -14  -17 -19 -16 -15 -12  -9 -10 -10
18   -7  -7  -8 -11 -12 -11 -10 -14  -14 -12 -11 -10  -9  -5  -3  -2   -2  -5  -6  -4   2  -1  -1   0
19    0   0  -1  -2  -1   0   1  -1   -1  -2  -1   1   2   2   2   0   -2  -2  -1  -2  -3  -3  -2   0
20    4   5   3   0  -1  -1   0   0    1   3   3   3   4   5   4   4    2   0   1   0   1   0   3   6

21    6   5   4   3   1   2   3   2    3   3   6   7   9  12  14  13   11  11  13  15  15  12  11  12
22   13  15  15  19  20  20  18  16   15  15  17  17  18  16  13   9    9  12  12  11  14  10   7   6
23    6   5   4   2   2  -1  -6  -9   -4  -4  -6  -1   4   6   9   8    6   7   6   6   9   8   6   2
24    0   1   1   5   6  10  10   8    8   9   9  11  13  13  14  14   13  12  12  12  13  10   7   4
25    2   1   1   0   1   7  10   9    8   4   4   7   7   6   5   4    6   7   9  10  12  14   9   9

26    7   5   4   3   4   8  10  10    7   7   8   8   7   6   6   6    6   8   8   6   6   8   8   9
27    9  12  11   9   7  10  11   8   10  13  17  17  16  15  15  14   15  16  13  11  13  16  14  11
28   11   9   7   9  11  12  10  13   13  13  13  14  14  12  11  13   13  13  12  10  13  14  14  13
29   12  12  12  10  12  13  16  14   13   9  12  12   5  10  15  13   12  12  10   7   2   3   8  10
30    9   7   2   1   6   9   5  -4  -14 -22 -24 -29 -29 -24 -20 -20  -20 -19 -21 -30 -34 -41 -49 -50

31  -43 -36 -35 -36 -34 -29 -26 -26  -25 -21 -13  -6 -10  -8  -5  -3   -5  -7 -14 -16 -17 -16 -19 -19
