1  -29 -30 -31 -27 -25 -25 -25 -24  -23 -22 -20 -18 -17 -17 -17 -17  -19 -19 -19 -16 -15 -13  -9  -7
 2   -7  -8 -10 -10  -9  -8  -6  -6   -9 -10  -9  -8  -8  -6  -6  -7   -8  -6  -4  -3  -2  -1  -1   1
 3    0  -5  -7  -6  -6  -5  -2  -1   -3  -3  -3  -3  -3  -4  -4  -4   -2   0  -2  -5  -4  -1   4   4
 4    1  -1   0   0   0   0   1   4    6   7   9   8   8   8   5   4    4   7  13  18  21  19  21  16
 5    9   7   9   8   4  -8 -14 -12  -11  -8   2  12  10  11   6   8    9  13  20  13   0  -1   3   5

 6   -1 -15 -27 -38 -43 -48 -57 -62  -68 -69 -68 -67 -67 -69 -71 -74  -76 -75 -79 -77 -74 -73 -70 -59
 7  -41 -39 -37 -34 -29 -24 -20 -18  -18 -16 -14 -13 -12 -11 -10  -9   -7  -5  -7 -10 -11 -10 -10  -9
 8   -8  -8  -8  -8  -7  -8 -14 -12   -9  -7  -7  -6  -6  -4   1   0   -1  -1   0   2   3   1  -1   0
 9    2   5   6   8   8   9   9   9    6   5   9  11  13  15  11   8    5   7   3   4   9  23  17  12
10   10   7  -5 -11 -21 -31 -37 -41  -43 -39 -39 -44 -39 -32 -39 -45  -43 -42 -44 -41 -43 -47 -45 -35

11  -26 -25 -27 -19 -18 -23 -29 -36  -29 -32 -34 -35 -36 -38 -38 -38  -33 -35 -35 -38 -34 -32 -27 -25
12  -19 -16 -14 -19 -21 -20 -17 -15  -15 -14 -12 -13 -12  -9 -10  -9  -10   1   1  -3  -8  -7   0   0
13   -6 -10  10   9   2   2  -1   3    1   0   5   4   5   5   6  10    9   7   2  -5 -14 -18 -18 -20
14  -20 -25 -27 -24 -23 -26 -28 -22  -21 -29 -34 -36 -28 -37 -44 -50  -51 -56 -61 -58 -60 -69 -72 -73
15  -67 -52 -46 -46 -42 -40 -36 -39  -43 -40 -36 -40 -42 -44 -45 -47  -43 -41 -35 -28 -25 -26 -25 -22

16  -19 -16 -18 -19 -20 -18 -17 -16  -16 -16 -15 -15 -16 -13 -11 -12  -15 -15 -13 -11 -12 -12  -8  -5
17   -4  -4  -2  -1   0  -2  -1   3    7   9  11  11   9   7   6   6    9  11  13  16  16  11   9   8
18    7   8   8   8   9  12  16  15   18  20  18  18  16  23  24  16   15  14  12   3   1  -2  -1   1
19    3   2  -2 -10 -12 -12  -6  -6  -11 -14 -10  -8  -4  -8 -12 -11  -11 -16 -13  -9  -7  -9  -7  -7
20   -4  -5  -1  -1   0   0   1   1   -2  -1   0  -1  -1   1   1   2    0   0  -1  -3  -6  -7  -3  -2

21    1   5   7   8   6   7   8   7    6   4   3   4   7   7   5   9    8   3   1   1   1   3   5   6
22    7   7   7   7   9  10  14  14   13  13  14  14  12  12  12  14   13  13   9   8   7   4   8   7
23   10   9   4   4   4   6   8  10    9   7   7   3  -1   0   3   7    7   7   5   3  -1  -3  -4  -1
24    1  -2  -2  -3  -3   1   5   7    7   9  11  10   7   5   5   6    5   3  -1  -4  -4  -3   0   2
25    5   7   9  11  11  10   7   6    5   7  12  13  17  20  22  24   24  27  16  12  12   2   7   3

26   -8  -9  -3  -1  -8  -8  -1   1   -2  -3  -1   1  -1  -5   1   1   -2  -1  -5 -11 -12 -15 -10  -9
27   -7  -7  -6  -7  -5  -5  -2  -1   -1  -1   1   5   7   7   7  10    5   3  -6  -7  -6  -6  -6 -11
28  -11 -10 -15 -16 -13 -10  -6  -8   -8  -8  -4  -1   3   2   2  -1    0   0  -2  -2  -7 -10  -9  -7
29   -4  -2   1   2   1  -1   0   1    1   1   4   6   7   4   3   5    5   5   5   7   9   9  12  12
30   13  14  10   6   1   3   3   3    5   6   7   4   3  -1  -3  -2   -2  -4  -9 -10 -11  -9  -6  -1

31    0   0   2   1  -1   1   3   5    4   4   5   3   6   8   8   5    6   3   2   3   3   3   6   6