 1  -17 -15 -13 -15 -15 -17 -17 -21  -17 -12 -11 -12 -14 -20 -24 -25  -22 -20 -22 -25 -30 -32 -30 -27
 2  -24 -21 -16 -12 -11 -22 -21 -17  -20 -24 -24 -22 -19 -21 -25 -26  -22 -22 -23 -22 -20 -18 -17 -16
 3  -10  -4   2   7   8   6   0  -1    1  -5  -7 -12 -14 -13 -14 -12   -6  -2  -2  -5  -7  -8 -14 -21
 4  -16  -9  -6  -3  -2  -4  -5  -7   -6  -3  -4 -11 -14 -11  -9  -7   -3  -1   1  -1  -4 -10 -12 -11
 5   -6  -1  -1   0   3   2   2   1    1   1  -2  -3  -2   0   0   1    2   3   3   0  -5 -10 -13 -10

 6   -9  -4  -2  -4   0   0   2   1   -1  -1  -4  -2  -2   1   0  -2   -3  -5  -7 -11 -15 -20 -22 -21
 7  -15 -11 -10  -8  -6  -9 -10  -7   -5  -7  -7  -4  -1   0   0   0    0   1   2   3   1  -1  -2  -1
 8   -1   7   4  -2   6   7   4  -2   -3  -5  -6 -10 -11 -12 -10  -7   -7  -6  -2  -3  -5  -8 -11 -14
 9  -14 -14 -13 -11  -8  -8  -7  -8   -5  -5 -10 -10  -9  -8  -6  -5   -3   0   5   5   2   0  -4  -7
10   -8 -10 -10  -7  -3  -1   1   1    0  -4  -8 -10  -4  -2  -6   3    3   4   2   2  -7 -13 -13  -8

11   -5  -4   0   3   4   2   1  -3   -5  -5  -4  -2  -2  -2  -2  -3   -6  -6  -6  -2  -1   1  -2  -4
12   -4  -1   3   5   3  -1  -5  -8  -10  -6  -3   1   1   5   6   5    9  12  10   9   1  -9 -10 -12
13   -9  -6  -4  -2  -1  -2  -2  -4   -5  -2   0   0  -4  -3   0   2    1   2   0  -8  -8  -8  -8  -8
14   -7  -7  -6  -7  -5  -6  -7  -8   -8  -6  -6  -4  -6  -3  -3  -4   -2   0  -1  -3  -2  -3  -4  -7
15   -8  -7  -5  -2  -1  -1  -1  -1    0   2   1   0  -2   0   2   1    2   3   2   1  -1  -3  -6  -7

16   -6  -8  -9  -7  -7  -6  -6  -7   -5  -3  -1  -1  -3  -5  -5  -5   -4  -3  -2  -3  -5  -6  -6  -4
17    2   5   2   1  -5 -12 -11 -14  -11 -12 -11  -9 -10  -6   0   6    6   4   8  12   7  -5  -7  -9
18  -10  -6  -2  -2  -1  -1   0   2    2   3   3   6   7  14  11   8    3   4   8   1  -5  -7 -10 -13
19   -9  -8  -9  -9 -14 -19 -17 -16  -18 -12 -12 -14 -18 -13 -11 -10   -8 -11 -12 -14 -17 -19 -19 -16
20   -9  -3  -2  -5  -7 -10 -12 -16  -15 -12 -14 -13 -13 -12 -10  -6   -5  -5  -2  -4  -5 -10 -10 -10

21  -10 -14 -15 -11  -7  -4  -4  -5   -7  -6  -4   1   2  -2  -2  -3   -4   1   1   0  -3  -5  -9  -8
22  -10  -7  -9  -7 -10  -8  -5  -8   -9  -8  -7  -5  -5  -6  -8  -8   -8  -3   2   2   0  -3  -5  -7
23   -7  -9  -8  -7  -4  -6  -4  -3   -3  -4  -2  -1  -1  -2  -3  -2    2   6   6   5   2   0  -4  -9
24  -10 -11 -12  -7  -3   0   0   2    6  13   7 -13 -25 -13 -23 -21  -20 -14 -11 -11 -16 -21 -24 -24
25  -21 -16 -14 -11 -11 -12 -11 -14  -13 -12 -12 -10 -10  -9  -8  -6   -3   0   0  -3  -7  -7  -9 -13

26  -14 -11  -7  -6  -5  -5  -4  -4   -4  -4  -4  -2  -1   0   0  -2   -4  -5  -4  -4  -5  -5  -2   1
27    3   3   3   3   4   5   4   3    2   1   1   1   2   0   0   0   -2  -1   0   1  -1   0   1   2
28    3   4   2   0   0  -1  -1  -1   -2  -3  -3  -2  -2  -2  -2   0    1   1   0  -1   1   5   6   5
29    5   5   5   4   2   2   2   3    4   6   6   5   4   3   3   5    7   6   5   8  12   9   8  10
30    8   4   5   6   7   4   2   3    4   2   0   1   0   1  -1  -1    0   2   6   6   5   6   7   7
