1  -31 -28 -27 -24 -21 -20 -19 -22  -18 -18 -17 -18 -22 -22 -18 -20  -22 -25 -25 -22 -20 -19 -18 -16
 2  -16 -16 -14 -13 -12 -17 -16 -15  -11  -7  -2  -6 -11  -9 -11  -9   -8 -10 -10 -10 -15 -20 -25 -25
 3  -21 -19 -18 -15 -10  -6  -6  -3    0  -1  -3  -4  -6  -7  -6  -2    0   3   5   5   2   1   1   2
 4    4   8   6   4   2   0  -1  -3    0   1   4   7   8   7   8   9    8   7   4   0  -1   0   4  10
 5   12  11  13  13  12  12  13  16   16  15  14  12   9   7   5   4   -2  -2  -3  -1   0   2   2   2

 6    1  -2  -5  -5  -1  -1  -1  -1   -3  -1   1   0  -2  -1   2   6    6   4   2   0  -1  -4  -3   0
 7    2  -1  -7  -7 -10  -9  -6  -4   -3  -2  -3  -7 -11  -9  -6  -4   -4  -4  -4  -2  -1  -2  -1   3
 8    8  12  13  17  20  20  17  19   19  17   1  -9 -17 -17 -13  -9  -12 -18 -21 -24 -25 -26 -24 -22
 9  -22 -21 -24 -26 -28 -31 -42 -46  -45 -34 -27 -24 -33 -33 -26 -20  -19 -19 -20 -17 -20 -19 -16 -13
10  -15 -14 -18 -20 -25 -28 -23 -19  -20 -18 -15 -13 -12 -12 -10 -11  -14 -13 -12  -7  -6 -13 -17 -20

11  -23 -25 -28 -26 -22 -22 -27 -34  -36 -33 -32 -28 -29 -28 -22 -19  -13  -7  -3   0   0  -3  -7  -8
12   -9  -7  -5  -3  -1  -1   0   2    1   2   3   1   2   4   6   4    4   2   5  10  20  22  16  13
13   12  12  12  12  13  13  14   5    3   3   4   3   7   8   9   7    4   4  -1   4   5   3  -6  -4
14   -4  -4  -6  -1   6  12  14  13   15  14  16  14  11   8  10   8  -19 -29 -40 -40 -30 -28 -41 -43
15  -31 -34 -38 -36 -32 -30 -29 -23  -20 -14 -11 -10 -13 -15 -18 -21  -23 -19 -16 -12 -10  -9  -9 -10

16  -11 -14 -11 -13 -13 -13 -15 -15  -13  -8  -6  -9 -16 -15 -14 -12  -10  -8  -9  -9  -5  -7 -14 -12
17  -13 -11 -10 -16 -21 -16 -11 -10  -13 -12  -8  -7  -6  -6  -5  -6   -7 -10 -11 -11 -11 -14 -15 -13
18  -18 -25 -21 -19 -13 -14  -8  -6  -10 -10 -10 -10   2   4   1  -7  -15 -15 -18 -17 -21 -24 -24 -18
19  -24 -30 -30 -24 -18 -17 -20 -26  -24 -20 -16 -17 -24 -27 -24 -22  -20 -20 -21 -23 -21 -15  -7  -5
20  -11 -11 -11  -9  -9 -20 -27 -29  -27 -20 -20 -22 -35 -43 -39 -33  -43 -45 -45 -43 -34 -30 -31 -37

21  -36 -32 -33 -32 -31 -30 -29 -38  -38 -28 -23 -25 -27 -23 -25 -28  -31 -31 -28 -31 -33 -26 -26 -29
22  -34 -34 -38 -35 -30 -28 -28 -27  -22 -19 -16 -16 -17 -23 -25 -23  -26 -22 -26 -23 -21 -23 -21 -18
23  -18 -17 -19 -20 -16 -15 -16 -17  -21 -25 -25 -19 -17 -21 -19 -12  -13 -13 -15 -15 -12  -7 -10 -11
24  -15 -16 -14 -12 -11 -11 -14 -16  -23 -25 -26 -19 -15 -17 -22 -23  -28 -36 -35 -29 -26 -22 -19 -22
25  -25 -25 -22 -19 -22 -28 -25 -23  -25 -22 -18 -20 -25 -29 -23 -17  -13 -13 -12 -14 -10 -12 -12 -12

26  -18 -18 -23 -21 -15 -16 -23 -32  -29 -23 -21 -18 -21 -26 -31 -32  -31 -26 -24 -21 -14  -9 -10 -13
27  -19 -22 -22 -18 -18 -23 -21 -22  -28 -29 -22 -23 -20 -17 -13  -9  -12 -17 -14 -15 -17 -24 -33 -41
28  -46 -48 -42 -41 -39 -38 -35 -31  -32 -37 -37 -31 -30 -29 -25 -24  -23 -20 -20 -21 -27 -24 -22 -22
29  -24 -30 -34 -32 -26 -22 -25 -29  -30 -30 -27 -25 -22 -20 -18 -19  -23 -25 -23 -22 -19 -16 -17 -18
30  -21 -21 -19 -18 -16 -15 -15 -17  -21 -20 -21 -17 -11  -8  -8 -10   -6  -5  -6  -5  -5  -3   3  -1

31    0   3   2   2  -1   0   1   0    3   4   5   5   6   4   6   5    3   1   1  -2  -9  -8  -7  -7
