 1  -31 -29 -30 -30 -32 -37 -43 -48  -50 -47 -44 -41 -37 -35 -33 -31  -30 -27 -27 -26 -24 -20 -20 -20
 2  -24 -26 -27 -26 -25 -25 -23 -21  -23 -21 -22 -22 -20 -20 -20 -20  -20 -18 -15 -11  -7  -2   1   2
 3   -2  -8 -15 -21 -24 -24 -22 -22  -24 -21 -19 -17 -20 -17 -15 -10   -8  -8  -7  -5  -3  -1  -2  -3
 4   -6 -10 -12 -10  -7  -2   0   0   -3  -6 -13 -14 -12 -12 -11 -11  -10  -7  -5  -3  -3  -2  -1  -5
 5   -6  -8  -7  -6  -5  -3  -3  -4   -7  -7  -9  -8  -6  -2  -4  -4   -2   0  -2  -3  -9  -4  -2  -3

 6   -3  -6  -5  -3  -2  -1  -2  -3   -4  -5  -9  -6  -4  -3  -7 -10  -13 -11 -10  -7  -5  -4  -1  -2
 7   -3  -5  -5  -4  -4  -4  -4  -3   -2  -3  -3  -1   0   0   0  -2   -3  -4  -4  -4  -4  -4  -5  -6
 8   -8  -8  -7  -6  -4  -4  -2  -2   -4  -2  -2  -2  -2  -3  -3  -4   -3  -3  -4  -4  -3   1   0  -3
 9   -2  -1  -2   0   0   0  -3  -4   -1   0   1   2   1  -1  -2   1    4   5   4   5   7   7   9   9
10    8   7   7   7  10  13  14  14   11   7  -1   2   4   2   0   2    2  -1  -5  -6  -4  -2   0   2

11    2   2   0  -1   1   2   4   5    2   3   4   4   6   4   3   2    2   1  -3  -5  -8  -6  -3  -2
12   -3  -4  -5  -7  -6  -4  -4  -5   -6  -1   1   2   0  -2  -1  -1   -3   0   0   1   2   1  -3 -10
13   -9 -17 -29 -37 -39 -32 -31 -29  -22 -20 -19 -17 -16 -20 -18 -15  -11 -11  -9  -5 -10  -9  -4  -2
14   -4  -8 -16 -17 -15 -13 -11  -8   -9  -8 -10 -12 -12 -13 -11 -11   -9  -9 -10  -9  -9  -4  -1  -4
15   -7  -9 -11 -12 -11  -9  -7  -6   -4  -2  -4   0   4   5   4   5    4   4   1  -1  -5  -4   0   1

16   -1  -3  -4  -6  -8  -7  -5  -4   -4  -1   1   1  -2  -1  -1   1    0   0   1  -1  -1  -1  -1   0
17    3   5   7   7   7   7   8   9    8   9   6   3   6   8  10   9    7   7   8  10   7   3  -1   0
18   -2  -1   0   1   1  -2   0   1    2  -4  -7  -9  -9 -11 -11  -9   -7  -3  -1  -1   1   3   6   5
19    1   1  -1   1   1   1  -1   0   -2   0   3   4   4   2   1   1    2   1   1   2   0   3   5   4
20    0   0   0   1   2   4   9  14   11   6   5   7  18  22  22  21   21  17  17  13  12  18  19  13

21    6   2  -3  -9 -10 -10 -11 -13  -17 -16 -20 -14  -4  -4  -7  -5   -6  -7  -4  -3  -6  -6  -7  -3
22    1   6  -1   3   5   9   9  12   10  10   7   6   5   6   4   7    4   4   5   6   4   3   5   4
23    0  -1  -1   1   1   0   4   5    3   0  -3  -5  -3   0   1  -1   -3  -3  -4  -9  -6  -5  -7  -7
24   -6  -6  -4   0   4   6   9   9    8   8   3   0   5   7   7   7    4   1  -2   0   2   1   1  -2
25   -4  -5  -1   5   9  11  13  13   14  19  10  11  13  11  13  14   10   4   2   4  18  20  15   2

26   -4 -12 -14  -9  -6  -6  -6 -13  -18  -8  -8 -13 -11  -6  -3  -2   -1  -3  -8 -11  -7  -2  -1   1
27    2   2   3   4   6   4   2   3    3   2  -7 -12 -12 -11 -14 -16  -16 -20 -22 -21 -15 -10  -9  -7
28   -7  -6  -5  -3  -1   0  -2  -1    1  -3 -13 -10 -11  -9  -6  -5   -6  -7  -6  -5  -9  -7  -7 -13
29  -15 -15 -17 -19 -17 -11  -8 -10   -6  -4  -5  -6  -7  -4  -3  -1   -2  -1  -2  -1  -1  -2   1   2
30    1   2   5   8   5   2   1   6    8   8   1   0   0   6   9  11    9   7   5   4   3   0   1   1

31   -1  -2  -2   0   3   6   9   8    5   4   2  -1   0   6   8  11    4  -6 -12  -7  -4  -3  -5  -8