1   -8  -4  -2  -3  -4  -3  -1  -1   -2  -5  -4  -1   1   3   6   5    6   6   3  -1  -3  -2  -2   1
 2    5   8   8   9  10   6   6   7    6   6   5   5   3   5   9  10   10   7   5   5   7   7   8  10
 3   15  28  26  20  10  -3  -7 -15  -16 -12 -16 -17 -21 -20 -16 -14  -13 -13 -12 -14 -14 -10  -4  -4
 4   -4  -4  -6  -7  -5  -4  -5  -7  -10 -13  -8  -5  -7  -8  -7  -5   -3  -2  -1   0   2   3   2   1
 5    0   3   1   0  -1   0   1   1    1  -1  -2  -2  -1   2   5   8    9  12  11   7   4   3   5   4

 6    3   2   0   0   3   3   3   3    3   2   1   9   7   7  10  13   12  13  14  13  13  12  11   6
 7    7   8   7   6   3   0   1   1    2   2   3   2  -1  -6  -3   1    2   2   3   4   5   3   1   2
 8    6   7   3   0   3   3   4   2   -4  -2   3   6   5   4   5   9   14  13   9   3  -3  -6  -3  -7
 9   -6  -2   0  -2  -2  -4  -1   3    4  -1  -5  -7 -13 -13  -7  -2    3   6   4   3   0  -5  -8 -12
10  -12 -19 -24 -29 -24 -22 -19 -16  -13 -12 -11 -12 -13 -14 -16 -17  -12  -5  -4  -6  -8  -9 -11 -11

11  -10 -12 -13 -14 -12  -8  -8  -9  -10 -12 -11 -13 -16 -17 -17 -14  -12 -10 -10 -10  -9 -10 -10  -8
12   -2   3   2  -1 -10 -16 -13 -11  -16 -21 -23 -26 -32 -33 -28 -26  -23 -21 -20 -14  -9 -11 -15 -16
13  -14 -12 -10  -7 -10 -14 -11 -10   -6  -2  -1  -3  -6  -8  -6  -5   -3  -1   0  -1  -1   3   0  -3
14   -3   2   5   1  -2  -1   2   5    9  12  19  24  26  27  32  42   34  27  25  19   9   4   3   8
15   12  16  16  15  12  12   8   2   -5  -7  -6  -8  -7 -11  -9 -11  -14 -13 -12 -11  -8  -7  -7  -9

16   -7  -6  -7  -7  -4  -4  -9 -10   -8  -6  -4  -4  -6  -6  -3  -1   -2   0  -1  -1   1   0  -2  -1
17    2   4   3   2   1   0   2   0   -1  -1   0  -1  -4  -3  -3  -4   -3  -2  -1  -2  -1   0  -1  -3
18   -7  -7  -7  -6  -5  -4  -5  -5   -3  -3  -3  -2  -2  -4  -4  -2    0   0  -2  -4  -6  -6  -4  -3
19   -1  -1   0   0  -1  -1  -1  -2   -1  -1  -1   0  -1  -2  -3  -3   -4  -4  -2   0   3   4   2   3
20    6   8   8   5   2   1   2   3    4   3   4   4   6   9   7   4    2   1   4   7   8   7   7   7

21    6   4   2   1   3   5   6   8    9  10   8   3  -1  -4  -3  -1   -1   1   0  -3  -2  -1  -4  -9
22  -11 -10  -9  -4  -4  -3  -4  -4   -3  -2  -1  -2  -2  -1  -1  -2   -2  -4  -5  -6  -9 -10  -8  -4
23    2   4   3   0  -1  -2  -1  -1   -1  -3  -2   0   2   5  10  12   10   8   5   1   4   4   1  -3
24   -4   1   5   4   7   4   3   2    2  -3  -4  -3  -4  -8  -7  -6   -6  -4  -3  -1   2   6   9  10
25    7   1  -2   1   4   1  -2  -5   -9 -13 -12  -9  -7  -6  -5  -3    0   0   1  -1  -4  -4  -4  -5

26   -2   1   1  -2  -1  -6  -9 -14  -23 -22 -21 -19 -17 -14 -13 -12  -13 -14 -13 -10 -10 -13 -13 -13
27  -14 -12  -9  -6  -7  -9  -8  -8   -8 -10  -8  -4   0   2   3   2    2   5   8   6   2  -2  -1   2
28    7   9  14  11  12   8   8  -2  -12  -8  -4  -1   2   5   9   8    3   5   5  -1 -10 -15 -17 -20
29  -20 -16 -11  -7   0   1   1  -1   -3  -3  -4  -5  -7  -8  -5  -3    0   0   3   6   4   2   2   0
30   -3  -4   0   4   3  -2  -3  -4   -5  -7 -10  -8  -5  -3   0  -1    0   2   3   2   1   0  -1  -3

31   -4  -4  -1   2   3   2   1   3    5   6   6   8   7   5   5   2    3   3   2   2   3  -1  -4  -4

