1  -17 -16 -21 -19 -14 -10  -8 -10  -12  -9  -7  -5  -6  -9  -9 -12  -11  -7  -9  -6  -5  -1  -1  -5
 2   -6  -4   1   1   2   1  -2   3    3   1   1  -5  -4  -2  -5 -10  -10  -9  -7  -2  -4  -8  -8  -8
 3   -7  -5  -3  -5  -5  -7  -7  -5   -4  -4  -5  -2   0   2   4   1   -3  -2  -1   0   1  -1  -2  -3
 4   -3  -4  -2  -3  -7 -10 -13 -11   -6  -4  -3  -6  -4  -1  -1  -2   -1   0  -1   0  -1  -2  -2  -1
 5    7  11  13  12   8   6   2   2    2   3   5   1  -1  -1   3   1   -5  -8  -8  -5  -1   1   1   3

 6    5   8  10  12  17  18  11   1    4  10  15  13  10   7  18  16    8  11  15  14  17   6   0  -5
 7   -3  -8 -12 -11 -12  -6   4   7    4   3   2  -1  -5  -4  -2  -4   -5  -5  -2   0   6   6   5   7
 8    7   9  10  11  10  12  12   5    6  10  11  11   7   4   3   0    2   5   4   4   6   4   5   8
 9    9  10   9   9   8   6   5   5    6   7   9  10   7   8  11   9   12  15  14  16  16  10   4   3
10    5   8  11  16  19  20  21  20   14  13  11  11   9   9  13  15   17  17  19  19  17  13  16  16

11    8   9   7   1   2   0   1   1    0  -3  -7  -7  -3   1   2   0   -2   0   3   3   2   2   5  12
12   30   8 -16 -10  -7  -4  -4   0    3  -3  -8  -7  -7  -2   3   4   32  21  19  30  24  -7 -53 -75
13  -49 -44 -47 -51 -45 -39 -19 -15  -30 -27 -28 -29 -31 -23 -18 -20  -13 -15 -12  -6  -9 -18 -26 -27
14  -26 -26 -24 -22 -20 -20 -17 -16  -16 -19 -20 -18 -15 -14 -11 -10  -13 -15 -16 -14 -12  -9  -7  -8
15   -8 -10 -11 -10  -8  -5  -2   1   -1  -3  -4  -4  -2   2   5   5    2   0   0   0  -1   0   1  -1

16    1   3   5   8  12   7   4   7    9   7   4   3   3   5   6   4    6   6  10  11   9   5   3  -1
17   -7  -8  -4   0   2   4   3   4    5   5   9  11  10   8   8  16   17  15  16  17  12  17  16  17
18   21  24  24  23  22  19  22  21   22  19  15  15  18  23  25  22   21  17  10   6  -2  -4  -1  -6
19  -13 -22 -21 -17 -21 -18  -9   4   -8  -6  -7  -4  -4   1   0  -4   -2 -11 -15  -9  -8 -10 -10 -10
20   -9  -6  -3  -2  -4  -4  -4  -4   -4  -1  -2  -3  -2   0  -3  -5   -5  -1   2   3   4   2   0  -2

21   -3   2   4   3   1  -2  -4  -3   -1   2   4   5   6   7   4   1    1   3   5   6   6   3   1   1
22    3   6   7   2  -1  -5  -9  -6   -3  -1  -7 -12 -11 -10 -10 -12  -12 -15 -15  -8  -4  -3  -1   0
23    2   3   3   7  11   8   2   2    6   5  -1  -4 -12  -9  -6  -1   -1  -4  -8 -16 -11  -4   2  -5
24  -18 -24 -27 -21 -22 -23 -21 -19  -20 -17 -14 -10  -5  -9  -8  -9  -14  -7 -10 -19 -21 -23 -15 -20
25  -15 -12 -13 -15 -13 -10  -4  -3   -6 -11  -6  -2   3   5   5   4    0  -2   0  -3   2   3   1  -6

26   -8  -9  -4  -4  -5  -5  -2  -3   -1  -2  -9 -20 -14  -8 -15 -24  -25 -25 -20 -16 -18 -22 -22 -19
27  -14 -16 -22 -21 -19 -23 -19 -20  -16 -12 -13 -14 -15 -10 -11 -15  -17 -17 -16 -16 -13  -9  -4  -4
28   -4  -7  -5  -6  -4  -4  -2  -5   -7  -4   2  -8 -14 -11 -11 -12  -14 -17 -19 -14  -8  -6  -5  -6
29   -8  -8  -6  -2   3   4   3  -2   -5   1   2   1   3   0   1  -1   -4  -4  -6  -7  -5  -7  -5  -5
30   -7 -15 -19 -22 -27 -24 -23 -22  -22 -19 -18 -19 -17 -13 -10 -14  -18 -18 -21 -21 -14 -14 -16 -21
