 1   -7  -6  -5  -7  -7  -8  -9   3    5   6   6   4   3   3   8   5    2   1   1   3   5   5   3   1
 2    0   3   3  -1  -6  -5  -7  -5    0   2  10   8   3   2   6  10    7   8   7  10  15  15  14  10
 3   10  12   4   2   2   0  -2   0    1   6   6   1   2   8  11   9   10  10   6   3   4   7  17  30
 4   34  34  32  29  27  28  25  18    5 -18 -39 -35 -24 -28 -35 -33  -23 -14 -13 -16 -22 -13 -11 -15
 5  -15 -12 -11 -12 -22 -22 -20 -19  -26 -38 -34 -34 -32 -17 -10 -12  -15 -15 -15 -14 -14 -19 -22 -19

 6  -17 -16 -13 -13 -13 -20 -20 -18  -13 -11  -9 -11 -11  -8  -1  -1   -3  -3  -3  -1  -2  -1  -5 -11
 7  -13 -12  -9 -12 -18 -19 -20 -12  -10 -12 -10  -7  -4  -7   1   2    4   2   1   5   8  -2  -8 -14
 8  -12 -14 -14 -16 -14 -17 -16 -12  -11 -12  -8 -10  -9  -2  -5  -6   -5  -3  -5  -2  -1   0  -3  -6
 9   -3  -5  -7  -6  -4  -1  -4  -2   -1   2   7   6   4   7  10   6    4   3  -8 -12  -9  -1   2  -1
10   -8 -20  -6   5   2  -3  -5   1  -12  -9  -7 -27 -32 -27 -32 -33  -39 -57 -47 -43 -45 -43 -38 -35

11  -31 -27 -31 -32 -32 -33 -31 -26  -19 -21 -17 -16 -12  -5   3   1   -2  -3  -2  -1  -2  -8 -17 -28
12  -32 -26 -26 -29 -28 -26 -23 -22  -25 -23 -21 -21 -18 -12  -9 -10   -9  -8  -9 -10  -7  -9  -9  -8
13  -12 -15 -13 -16 -17 -15 -11  -9   -7  -7  -8  -7  -6  -5  -2  -2    0   0  -2  -1  -1   1  -1  -6
14   -6 -14 -15 -14 -14 -13  -5 -18  -18 -17 -14 -13  -9  -4   3   0    0   0  -2  -7 -13 -17 -15 -11
15  -12 -13 -12 -14 -19 -25 -25 -26  -27 -30 -32 -29 -22 -25 -22 -21  -18 -12  -8  -8 -14 -13 -10 -18

16  -14 -21 -32 -40 -39 -39 -49 -50  -43 -36 -31 -33 -30 -26 -31 -34  -33 -32 -35 -30 -26 -29 -24 -24
17  -24 -24 -23 -27 -32 -33 -29 -22  -20 -20 -17 -15 -20 -22 -13 -14  -16 -17 -13 -10 -15 -12 -11 -13
18  -17 -17 -19 -23 -22 -22 -27 -21  -19 -15 -17 -24 -26 -20 -17 -20  -22 -20 -20 -21 -20 -15 -13 -16
19  -21 -23 -20 -21 -23 -26 -29 -26  -20 -17 -13 -11 -11  -5   0  -4   -6  -6  -4  -3 -11 -10  -6  -4
20   -7 -12 -11 -12 -17 -26 -32 -30  -27 -24 -16 -20 -19 -15 -11 -16  -21 -28 -30 -26 -19 -17 -16 -17

21  -23 -25 -19 -19 -27 -37 -32 -26  -25 -28 -25 -20 -17 -14 -12 -21  -25 -26 -24 -22 -24 -26 -23 -23
22  -25 -27 -26 -25 -27 -31 -29 -24  -24 -26 -25 -26 -21 -16 -11 -15  -13 -13 -14 -17 -13 -15 -14 -11
23  -10 -13 -11 -14 -16 -23 -25 -19  -18 -21 -21 -25 -18 -19 -16 -22  -25 -25 -22 -20 -22 -24 -24 -22
24  -22 -20 -20 -23 -24 -25 -25 -24  -19 -18 -16 -13 -12 -12 -12 -19  -23 -18 -19 -21 -23 -25 -23 -22
25  -19 -18 -18 -18 -18 -19 -20 -14  -10 -11 -11 -13 -13  -4   0  -4   -6  -9 -13 -11 -14 -17 -21 -19

26  -14 -11  -9 -13 -14 -17 -17 -16  -19 -20 -15 -11 -10 -11  -9 -11  -12 -10  -8  -6  -7  -9 -12 -15
27  -17 -15  -9  -8 -14  -2  -4  -2   -1   2   6   8   7   6   8   3   -1   6  11  11   2  -8  -7 -10
28  -10  -6   0   1   2   5   4   3    5   6   9   7   7   4  -6  -3   -3  -2   2   3   4   6   5   5
29    5   6   5   7  10   6   7   9   15  15  15  14  10   8  10  11   14  11  10   9   9   5   3   1
30    4   4   8   9   7   6   7  10   10  11   8  10  15  21  23  16    9   4   8   8   2  -3 -11 -11