1  -24 -22 -22 -20 -22 -21 -19 -17  -13 -12 -11  -8  -8  -9 -11  -9  -10 -12 -12 -13 -12 -10  -7  -7
 2  -10  -8 -12 -13 -12  -9  -7  -6   -6  -4  -2   1   1  -2  -4  -7   -7  -6  -2   0   0   2   2   4
 3    0   0   0   3   7  10  11   9    7   8  11  14  13  11   8   8    9  10  12   3  -1 -11 -19 -23
 4  -29 -31 -30 -28 -33 -37 -41 -39  -44 -44 -32 -27 -22 -31 -31 -28  -29 -33 -29 -20 -16 -17 -13 -10
 5  -10  -9 -11  -7 -15 -25 -21 -16  -19 -16  -9  -8 -12 -11 -12 -20  -29 -32 -26 -21 -16 -14  -9  -9

 6  -11 -10 -12 -11  -9 -10  -9  -7   -7  -6  -5  -5  -4  -3  -5  -7   -7  -5  -5  -5  -3  -2  -1   1
 7    1   0  -1   0   1   0  -1  -1   -1  -3  -3  -1  -2  -4  -6  -6   -5  -4  -4  -4  -4  -5   1   4
 8    0  -3  -7 -11 -17 -20 -28 -38  -44 -37 -26 -13 -17 -21 -26 -28  -35 -36 -33 -24 -30 -36 -38 -31
 9  -33 -36 -36 -33 -34 -33 -28 -30  -24 -20 -17 -15 -14 -13 -10 -10  -12 -14 -12  -9  -9 -10  -5  -3
10   -4  -4  -6  -7  -8 -14 -11 -11  -18 -19 -14  -9 -10 -11 -13 -13  -13 -14 -15 -22 -29 -31 -22 -18

11  -24 -30 -26 -25 -23 -22 -14 -10  -12 -15 -20 -17 -15 -14 -16 -19  -19 -21 -22 -24 -25 -27 -20 -13
12  -12 -14 -14 -16 -16 -15 -15 -15  -17 -18 -17 -17 -17 -15 -14 -14  -14 -11  -9 -12 -13 -12  -8  -5
13   -4  -1  -3  -4  -3   0   1   0   -1  -3  -1  -2  -1   2   4   5    4   2   6   7   6   4   5   7
14    6   8   4   5   5   6   7   8    7   6   6   6   3  -1  -3  -3   -4  -2   2   4   3   1   3   8
15    5   3   1   4   7   7   6   6    5   3   4   7   7   6   8  10   12   9   9   8   8  10  12  10

16    6   5   2  -1  -5  -3   2   5    7   8  12  12  10  10  10   9    6   4   2  -1  -3  -4  -2   0
17    1   3   2  -2  -2   0   0   0   -2  -3  -4  -4  -7  -7  -7  -4    0   2   3   7   9   8   6   3
18    1  -1   1   3  -2  -1   4   5    6   6   8   7   6   6   4   2    1  -1   1   3   5   4   2   1
19    2   3   1  -1   1   3   7   9   10   9   9   7   3   0  -2  -1    1   2   2   6   5   3   2   4
20    4   3   0   1   0   2   2   0   -3  -3  -1   2  -2  -4  -1   0    0   1   4   5   5   5   6   6

21    5   4   3   3   4   5   4   6    8   8   9   7   7   6   8  11   12  14  14  14  14  17  17  17
22   14  15  14  14  15  10   6   7    7   8  11  12   9   6   5   1   -1  -4 -11 -15 -16 -10  -6  -2
23  -11 -12 -21 -24 -18 -15 -11  -7   -1  -1   0   3  -1  -5  -5  -4   -7 -15 -17 -24 -29 -38 -20 -23
24  -21 -19 -24 -23 -23 -20 -20 -16  -14 -11  -9  -8 -10 -11 -16 -18  -19 -20 -20 -19 -20 -21 -16 -14
25  -10 -10 -14 -14 -13 -12 -11  -9   -5  -3  -4  -5  -9 -12 -14 -13  -11  -8  -7  -5  -6  -7  -6  -5

26   -6  -4  -6  -6  -6  -9  -7  -6   -6  -4  -6  -4  -4  -5  -5  -6   -7  -6  -5  -7  -9 -11 -10  -6
27   -4  -5  -5  -4  -3  -2   1   3    2   2   3   5   3   4   7  10   11  10  10   8   7   5   9  15
28   18  13   4   1  -2   0   1   4    4   4   4   4   1   0   0  -1   -3  -5  -5  -3  -3  -1   3   3
29    4   8   5   2  -1   0   3   6    3   0  -6 -14 -17 -17 -16 -14  -12 -10  -9 -10  -9  -7  -7  -7
30   -8  -7  -6  -4   0   0  -2  -1    1   6  11  17   8   8   3  -2   -6 -10 -17 -29 -23 -15 -10 -10

31   -6  -5  -4   1   5  10   7   5    4   4   6   8  12  12  13  13   12   9   7  10  10   9  11  15
