 1   -1  -6  -7  -4  -1   6  11  10    7   3  -2  -5   4   9  11   9    9  11  11   4  -3   0  -3  -3
 2   -8 -14 -14 -16 -17 -18 -18 -18  -11  -9 -13 -13 -11 -13 -16 -15  -13 -12  -8  -6  -6  -6  -5  -6
 3   -6  -6  -8 -13 -13  -9  -4  -3   -4  -5  -7  -4   3   6   5   5    4   1  -1  -4  -7 -10 -10  -4
 4   -4  -5  -4 -10 -15 -17 -13 -10  -12 -18 -25 -22 -14 -12 -12 -14  -15 -17 -12 -11 -18 -15 -10  -7
 5   -9 -16 -14 -15 -14 -18 -21 -17  -12 -11 -13 -19 -21 -21 -20 -18  -18 -16 -21 -25 -25 -21 -16 -12

 6  -10 -13 -14 -21 -27 -31 -28 -26  -21 -21 -21 -22 -23 -22 -21 -18  -19 -17 -17 -17 -15 -10  -4   0
 7    1   0  -5 -10 -12 -11 -10 -12  -12 -13 -11 -13 -12 -10  -5  -1    0  -4  -8 -13 -13  -8  -5  -5
 8  -11 -17 -20 -16 -14 -16 -21 -25  -23 -19 -16 -11  -6  -5  -6  -5   -4  -4  -5  -7  -8  -7  -5  -5
 9   -8 -11 -12 -13 -16 -14 -12 -11   -8  -6  -3   0   2   1   0   0   -3  -2  -2  -3  -3  -2   2   5
10    6   4   2   1   0   1   2   1    1   5   6   2  -1  -5 -10 -11   -8  -7  -8  -7  -9  -4   5  13

11   12   9   3  -1  -1   1   7  11    9   9  12  13  12  10   8   2   -6  -5  -2  -2  -3  -2   1  -3
12   -9 -13 -15 -16 -11  -5  -3  -1    1  -1   1   2   2   1  -3  -5   -5 -10 -16 -11 -16 -10  -8 -10
13  -16 -17 -15 -17 -13 -12 -12 -12  -16 -15 -13  -7  -3  -5 -10 -11  -10  -7  -5  -5  -9  -7  -3   0
14   -5  -9 -13 -15 -11 -10  -9  -6   -7  -5  -6  -4   0  -4  -8 -10   -9  -6  -6  -4  -2  -1   2   7
15    4  -1  -4  -9  -6  -3  -2   0    1   1   1   0  -2  -2  -7 -10   -9  -6  -4  -3  -2  -2  -2  -2

16   -4  -7 -11 -12  -9  -5  -3  -1    0   1   2   4   5   5   4   4    4   3   1  -1  -3  -1   3   5
17    7   3  -1  -2   1   5  11  13   15  15  15  18  28  17  17  19   19  20  18  18  17  16  12  13
18    6   3   0  -2   1   1   2   0    2   3   4   6   7   3   0   0    0  -2  -4  -4  -4  -1  -1   0
19   -1  -3  -4  -5  -4  -3  -1   7    5   3   4  11  13  10   9  11   15  17   4  -6  -9 -14 -13 -13
20  -11  -9 -14 -14 -11 -11  -4  -2   -1   0  -2   1  -1  -2  -8 -10  -12  -9 -10  -8  -2  -4  -6  -6

21  -12 -24 -28 -31 -30 -31 -32 -32  -29 -21 -20 -21 -21 -23 -26 -27  -28 -30 -30 -29 -28 -25 -20 -15
22  -16 -20 -20 -19 -17 -13 -12 -10   -9  -8 -10  -9  -9  -9 -10 -11  -10  -9  -9  -8  -8  -7  -7  -5
23   -3  -4  -7 -10  -8 -10  -8  -8   -6  -4  -1   1   3   4  -1  -1   -1  -2  -2  -2  -4  -1   2   4
24    6   6   4   0   0  -1  -4  -6   -7  -7  -4  -5  -6  -6  -3  -3    1   1  -1   0   2   2   1  -1
25   -4  -3   3   6   9   7   6   8    8   8   6   5   3  -2  -3  -3   -2  -1   0   2   4   5   3   1

26    0  -1  -2  -1   2   3   4   6    7   7   8   5   5  11  12  13   10   8  10  11   9   6   5   6
27    8   7   7   8  -3 -15 -22 -30  -39 -50 -59 -64 -59 -56 -63 -72  -77 -74 -80 -79 -79 -74 -66 -54
28  -50 -50 -52 -50 -56 -59 -65 -61  -52 -46 -41 -42 -42 -43 -39 -42  -53 -55 -53 -45 -42 -40 -35 -28
29  -27 -31 -37 -34 -36 -40 -43 -39  -32 -27 -33 -37 -27 -22 -26 -25  -27 -23 -18 -26 -37 -32 -25 -33
30  -41 -44 -44 -43 -42 -34 -29 -23  -22 -23 -23 -24 -22 -20 -19 -18  -16 -18 -22 -26 -24 -16 -13 -14

31  -19 -24 -27 -26 -23 -24 -19 -16  -14 -14 -23 -28 -29 -25 -22 -22  -21 -24 -22 -24 -27 -24 -28 -33
