 1   12  11   9   9  11  12  12  11   14  10   6   8  10  11  12  11    9  10  12  14  12  10   9   6
 2    6   6   7   9   7   9   8   7    7  10  10  10  10  11  12   7    6   9  13  14  15  13   9   6
 3   -1  -5  -8   1   9   7   3   1    0   2   4   7   8   8   6   5    4   7  10  14  13  10   9   8
 4    7   8   7   5   4   4   2  -1   -3  -2   0   2   6   8   7   2   -1   3   2  -2  -2  -3  -2  -5
 5   -5  -3  -5  -9  -8  -3   1  -1   -1   0   1   1  -2   0   2   1    2   4   4   2   0  -4  -4  -7

 6  -11 -16 -15 -17 -15  -9  -7  -7   -6  -4  -1  -1  -1   0  -1   0    7   9   5   2   3   5   8   9
 7   10   8   3   4   4   3   2   4   -3  -9 -11  -7  -3  -1  -4  -5   -3  18  23  30  14   8  12   4
 8   -1  -4  18  16   9 -12 -35 -26   -9  -7 -22 -35 -32 -33 -30 -32  -24 -21 -24 -25 -29 -36 -37 -38
 9  -35 -32 -32 -30 -23 -19 -18 -22  -24 -23 -25 -23 -22 -23 -24 -25  -25 -23 -23 -21 -21 -18 -14 -10
10   -8 -10 -12 -15 -15 -13 -10 -10  -11  -9  -8   1   4   5   4   6    3   2  -1  -1  -4 -10  -9  -8

11    0   4   6   5   2   3   1   3    4   0  -1   3   4   5   2  -1   -1   0   0  -4  -8  -8  -6  -8
12   -6  -6  -7  -8  -7  -7  -7  -7   -8  -7  -7  -7  -6  -3   0   0    0   1   2   1   1  -1   2   3
13    3   2   3   5   9  10  10   9    8   7  10  14  20  24  23  23   20  17  17  16  14  12   8   5
14    1   2   2   5  10   4   1   1   -5  -6  -2  -1  -2  -2   0  -1    0  -1  -5  -4   0  -1  -5  -3
15   -2  -4  -3  -3  -2  -1   0   1    0   0  -1   0   1   1   0   3    3   4   5   7   7   8   5   1

16    2   2   3   4   4   5   7   4    3   5   6   7   6   5   5   3    1  -2  -2   1  -1   1  -1  -7
17   -8 -10  -6  -3   0  -1  -3  -9  -15  -9  -4   1   5   9   9   9   10   9   8  11   5  -7 -13 -14
18  -23 -26 -26 -24 -18 -15 -17 -20  -22 -25 -22 -19 -16 -13 -13 -16  -22 -27 -24 -20 -13 -16 -33 -26
19  -15  -9 -11 -19 -14 -14 -12 -13  -18 -16 -13 -15 -15 -16 -15 -14  -15 -16 -14 -13 -15 -13 -13 -14
20  -14 -13 -12 -10  -9  -8  -9  -6   -7  -7  -5  -1   2   2   7   4    6   6   8   9   5   2  -3  -4

21   -1   3   7   7   4   2   0  -9  -17 -23 -21 -17 -18 -15 -15 -14  -13 -10  -9 -10 -13 -13 -11  -6
22   -4  -5  -6  -6  -8  -8  -7  -5   -5  -5  -4  -4  -5  -7  -8  -9   -9 -10  -9  -9 -14 -14 -12 -12
23   -9  -3   0   0   0  -1  -2  -5   -5  -4  -3  -3  -2   1   3   3    3   1   2   2   3   2   0  10
24    9  13  14   9   1  -1  -5  -5   -5  -4  -3  -1  -1   1   1  -1    0   0   3   9   7   3   0  -4
25   -2  -1   0   1   5   6   3  -2   -9  -5  -1   9  15  16  19  15   11   8  17  20  16   3   2   0

26    0   2   3   8  11  14  11   7    5   3   0   1  -1  -3  -5  -7   -3   1   1  -1  -1   0   1  -1
27   -3   1   3   5   4   3   1   1    1   3   5   4   4   4   4   3    3   2   3   3   6   7   6   5
28    5   4   8  12   9   7   5   7    9   8   9   6   4   2  -1  -4   -4   1   6   7  -1  -5  -1  -2
29    0   0  -1   5   9   6   3   1    3   2   2   2   3   5   6   4    5   8  12  19  16  15  13   8
30   -4  -7  -2   0   4   5   6   5    4   6  10  12   9   9   7   6    2   0   4   7   7   6   1  -4
