1    1   3   5   6   8   9   9   8    9   6   3   7  11  10  13  14   11  10   9   5   4  -1  -4  -1
 2   -2  -2   0   2   0   1   0  -1    0  -1   0   4   7   7   4   2    4   7   9   7   4   0  -2  -3
 3    5   9  11  12   9   5   6  10    9   9   5   7   9   7   3   1   -4  -1   4   5   5   2  -7 -10
 4   -8  -9  -3   2   6   8   7   8    8   7   4   2   2   1   1   2   -1   1   5  10  12  12  10   8
 5    8   5   7   6  12  15  13  11   12  12   6   6   8   5   4   5    7  10  13  14  16  15   9   1

 6    0  -1  -1   2   0  -6 -11 -11  -12 -17 -26 -27 -25 -28 -29 -22  -25 -19 -15 -10  -9 -13 -16 -16
 7  -18 -19 -18 -16 -12 -10 -12 -14  -15 -16 -17 -17 -14 -14 -12  -8  -10  10   8  10   9  14   7 -19
 8  -24   8  18  19  11  -2  -6 -16  -25 -19 -18 -17 -14 -25 -26 -25  -25 -31 -30 -23 -19 -26 -29 -25
 9  -29 -36 -32 -28 -23 -28 -34 -32  -30 -24 -21 -21 -18 -25 -25 -22  -25 -25 -27 -19 -24 -27 -28 -25
10  -22 -22 -17 -17 -19 -22 -24 -24  -25 -26 -26 -24 -22 -21 -21 -20  -19 -17 -10 -11 -19 -18 -18 -20

11  -18 -17 -15 -14 -12 -11 -14 -13  -10 -11 -14 -14 -11 -10 -10 -11   -9  -5  -4  -3 -10 -16 -20 -20
12  -14 -12 -11 -11 -15 -17 -17 -14  -10 -13 -18 -17 -13 -11 -11 -11  -15 -14 -11  -8  -6  -5  -1   1
13    0   5   7   6   8   9   8   8    6   4   7   7   8   8   7   6    6   5   5   6   6   6   6   6
14    7   8   9   9   8   7  10  10    9   7   6   6   4   9  12   9    7   3   4   4   4   6   6   4
15    1  -4  -6  -3   2   6   6   5    4  -1  -3   3  12  27  28  33   35  38  42  42  46  47  41  31

16   10 -10  -1   2  -7 -10  -7  -6   -6 -11 -20 -21 -15  -8 -10  -8  -19 -22 -20 -23 -26 -27 -24 -18
17  -18 -20 -21 -20 -15 -17 -19 -21  -20 -21 -24 -22 -18 -14 -14 -16  -18 -13  -9 -10 -10  -7 -12 -13
18  -10 -10  -7  -7  -8  -8  -6  -2   -6  -6  -7  -5   1   3   3   1   -5 -14 -11 -16 -22 -30 -40 -49
19  -57 -59 -62 -56 -52 -72 -95-106 -116 -94 -83 -73 -68 -55 -57 -55  -49 -46 -44 -41 -39 -40 -38 -43
20  -45 -48 -49 -34 -48 -72 -78 -64  -61 -58 -74 -90 -91 -82 -63 -59  -60 -52 -42 -43 -41 -44 -46 -46

21  -48 -52 -51 -45 -43 -44 -47 -48  -49 -49 -49 -49 -43 -41 -43 -44  -39 -36 -34 -35 -35 -35 -42 -53
22  -58 -60 -50 -51 -48 -48 -49 -43  -39 -37 -33 -34 -28 -27 -25 -26  -25 -21 -20 -19 -16 -17 -23 -23
23  -22 -23 -22 -21 -14  -6  -3  10    5   5   1 -11 -17 -15  -7 -19  -33 -37 -42 -49 -46 -40 -46 -51
24  -48 -44 -42 -42 -38 -35 -35 -35  -35 -33 -29 -29 -28 -29 -27 -26  -23 -18 -13  -9  -7  -7  -7  -8
25   -9 -12 -13 -13 -13 -15 -16 -16  -13 -10 -10 -13 -15 -16 -15 -11   -8  -7  -8  -8  -8  -7  -9  -6

26   -8  -9  -9  -6  -5  -3  -5  -5   -3  -1  -2  -2  -3  -4  -5  -4   -4  -2  -2  -2   1   4   7   4
27    3   4   2  -3  -5  -3  -3  -4   -2   0   1  -2  -9 -10 -13 -16  -11  -3 -13 -30 -59 -90 -92 -94
28  -89 -90 -86 -76 -71 -67 -66 -64  -66 -59 -53 -51 -53 -56 -55 -52  -50 -51 -44 -38 -34 -32 -32 -29

