1   -1  -1  -2  -4  -4  -9 -11 -10   -8   2  11   9  -3 -21 -34 -40  -32 -25 -24 -24 -26 -25 -19 -17
 2  -19 -19 -19 -28 -27 -24 -21 -25  -21 -21 -25 -24 -17 -22 -27 -29  -24 -17 -17 -10 -11 -16 -18 -17
 3  -14 -10  -9 -13 -17 -16 -19 -21  -19 -22 -23 -20 -21 -19 -17 -18  -26 -28 -28 -30 -30 -26 -24 -23
 4  -19 -15 -14 -16 -15 -16 -14 -11  -10 -14 -13  -7  -3  -6  -9 -12  -11  -6  -5 -10 -15 -16 -14 -14
 5  -14 -12 -12 -12 -12 -11  -8  -9  -10 -11 -12 -14 -16 -14 -11 -12  -10  -4  -2  -4  -9 -10 -10 -12

 6  -15 -12 -12 -12  -9  -7  -6  -8  -10 -12 -12 -10  -7  -8  -7  -5   -3  -5  -7  -8 -10 -10 -13 -14
 7  -14 -13 -11 -14 -13  -9  -9 -11  -12 -12 -12 -11 -11 -14 -12  -5   -3  -9 -10  -3  -2  -2   0  -2
 8   -6 -12 -15 -17 -16 -14 -14 -13  -15 -16 -14 -12 -14 -16 -15 -12   -9  -6  -4  -4  -8  -5  -2  -5
 9   -5  -9 -17 -25 -25 -23 -19 -17  -22 -23 -23 -20 -20 -17 -12  -7   -2  -1   0  -3   2   1   0   1
10    1  -1  -4  -4  -8 -11  -9  -6   -6   0   2  -1  -4  -5  -4  -3   -6  -8  -8  -6  -5  -5  -6  -8

11   -8  -8  -9 -11 -10  -8  -3   1    1   3   5   7   7   8   6   5    4   4   3  -3  -9 -13 -11  -6
12   -7 -11 -11 -10  -8  -8  -5  -1   -5  -8  -9  -9 -11 -14 -15 -12   -9 -10  -8 -10 -15 -11 -17 -19
13  -19 -19 -23 -23 -22 -15 -11  -3   -2   0   1  -1  -4  -4  -5  -8   -5  -5  -6  -4  -7  -8  -8 -10
14  -14 -19 -17 -16 -12 -13 -12 -10  -12 -11  -6  -4  -7 -11 -13 -16  -12  -8  -6  -8 -12 -12  -9 -12
15  -14 -14 -14 -15 -19 -20 -19 -17  -17 -16 -14 -11 -10  -7  -7  -7   -6  -5  -5  -5  -8 -10 -11 -12

16  -12 -12 -10  -9  -7  -5  -5  -4   -3  -2  -2  -3  -5  -5  -5  -4   -2   0   1   2   2   1   0  -3
17   -4  -2  -1  -1  -2  -3  -2   1    3   3   3   1   0   0  -1  -1    4   7   6   1  -3  -6  -8  -9
18  -10 -11 -12 -11 -10  -8  -6  -6   -6  -6  -6  -4  -1   1   2   1   -1  -3  -1   3   9  10  11   9
19   10  12  11   8   5   5   7   8    6   5   6   8   9   9  10  10    9   8   7   4  -1  -4  -4  -2
20   -3  -2   0   3   8   7   5   2    1  -3  -4  -5  -5  -5  -5  -3   -2  -2  -1  -2  -1   1   2   5

21    4   3   8   8   8   8   3  -1    4   6  -3  -7  -2   0   9  14   10  -1  -2   0  -1 -13 -11  -9
22   -8 -10 -11 -13 -14 -14 -15 -17  -20 -16 -11 -11 -14 -12 -13 -12   -7  -6  -4  -5  -7 -10  -9  -8
23   -8 -10 -10  -9 -14 -16 -11  -9   -9  -7  -6  -3  -6 -11 -12  -7   -6  -4  -4  -5 -10 -14 -16 -18
24  -17 -12 -13 -12 -12 -11  -6  -3   -4  -6  -6  -3  -3   0   0   0    1   3   2   2   2   2  -2  -3
25   -2  -5 -12 -18 -18 -16 -14 -13   -8  -5  -3  -2   0  -1  -7 -11  -13 -10  -5  -4  -6 -15 -20 -23

26  -22 -19 -20 -24 -26 -29 -29 -28  -27 -20 -14 -11 -11 -11 -10 -11  -10 -10  -9 -11 -11  -9  -5  -3
27   -1   0  -4 -11 -16 -15 -12  -9   -9  -6  -1  -2  -5  -6  -5  -4   -2  -1  -1  -2  -5  -6  -6  -6
28   -3  -1  -3 -10 -13 -13  -8  -3   -2  -4  -7  -7  -8  -7  -4  -3    0   1  -3  -6 -11 -14 -14 -14
29  -11  -2  -4  -9 -15 -17 -17 -17  -15  -9  -4  -2   0  -3  -7 -11  -11  -9  -9  -9  -8  -9  -6  -7
30   -6  -4  -6 -14 -18 -14 -13 -15  -17 -14  -9  -6  -6  -6  -8 -10   -8  -6  -6  -7 -11  -8  -9 -10

31   -8  -7  -9 -11 -11 -10  -8  -6   -5  -1   4   3   1   0  -2  -2   -1   2   3   4   0  -2  -3  -4
