 1  -12 -11 -14 -13 -11 -11  -6  -5   -4  -5 -10  -7  -6  -3   0   0   -3  -2 -11  -6  -4 -21 -28 -25
 2  -16 -18 -25 -31 -28 -37 -46 -38  -36 -40 -39 -28 -28 -23 -18 -21  -30 -32 -27 -26 -23 -23 -22 -15
 3  -14 -16 -16 -19 -22 -25 -26 -24  -24 -23 -20 -19 -16 -17 -23 -21  -21 -22 -17 -15 -13 -13 -11  -8
 4   -6  -9  -7  -8 -12 -13 -15 -17  -17 -19 -21 -17 -14 -11 -14 -16  -18 -16 -16 -16 -16 -13 -11  -7
 5   -6 -11 -11  -8  -4   4   7   3    0  -6  -9  -4   3   7  -3  -7  -13 -14  -6  -9 -15 -15 -15 -11

 6  -12 -14 -14 -11  -9  -8  -7  -7  -10  -9 -11 -12  -6  -4  -3  -3   -4  -5  -4  -4  -4  -5  -4  -1
 7    0   1   2   3   4   5   4  -4  -23 -38 -39 -28 -17 -16 -21 -26  -25 -26 -23 -16 -14 -13 -13 -15
 8  -16 -13 -13 -10 -15 -22 -26 -30  -28 -27 -20 -18 -15 -14 -13 -13  -17 -20 -21 -17 -14 -13 -13 -13
 9  -14 -13 -10  -9  -7  -9 -10 -10  -11 -13 -14 -12  -8  -7  -8 -13  -14 -10 -10 -11  -8 -16 -20 -15
10  -13 -15 -13 -10 -13 -15 -11  -9  -14 -17 -15 -12  -7  -6  -8  -8   -8  -6  -3  -9 -10 -12 -11 -11

11   -8  -5  -6 -11  -7  -5  -5  -8   -8  -6  -6  -6  -8 -10 -12 -10   -7  -8  -8  -7  -4  -2  -3  -3
12   -9 -10  -8  -4  -2   0   2   0    0  -1  -2   3   5   1  -2  -5   -7  -8  -8  -9 -10 -13 -12 -13
13  -12 -11  -9  -6  -3  -1  -1  -1   -2  -4  -2  -3  -1   1   4   5    4   2   1   2   1   2   2   1
14    4   4   4   3   0  -1   2   5    7   9   9   9   9   9   8   9    7   7   8  11  12  14  12  15
15   19  21  19  12  13  11  11   6    5   0  -6   0   4   2 -12 -15  -14  -9  -9 -10  -6   0   4   5

16    7   9   9  10  11   8   6   6    2   0   2   4   8   6   4   5    3   6   8  16  20  12   2  -3
17  -11 -18 -26 -25 -19 -14 -19 -24  -25 -34 -33 -26 -21 -16 -12 -12  -18 -24 -31 -31 -23 -39 -60 -62
18  -64 -57 -50 -52 -50 -51 -57 -57  -57 -54 -48 -47 -40 -37 -36 -33  -35 -36 -34 -27 -24 -22 -24 -18
19  -17 -21 -24 -29 -31 -29 -29 -25  -26 -23 -23 -21 -19 -20 -18 -18  -19 -19 -16 -16 -20 -20 -19 -12
20  -10 -11 -11 -12 -16 -19 -17 -20  -22 -25 -27 -22 -16 -14 -10  -8   -9  -7  -5  -6  -8 -11 -15 -17

21  -19 -19 -18 -14 -12 -10 -11 -12  -17 -19 -22 -17 -12  -8  -4  -2   -5  -7  -6  -5  -7  -5   0  -1
22   -3  -3  -6  -5  -7 -10 -11  -9   -8  -6  -8  -7  -6  -9  -7  -4   -5  -3  -3  -3  -1   3   2  -3
23  -10  -5  -5   3   2 -10 -13 -17  -16 -18 -16 -21 -25 -29 -23 -19  -31 -35 -20 -12 -12 -19 -27 -23
24  -17 -17 -33 -52 -53 -50 -54 -55  -45 -40 -43 -34 -33 -31 -25 -23  -24 -24 -22 -23 -22 -20 -25 -24
25  -21 -22 -22 -22 -20 -20 -17 -19  -31 -27 -23 -27 -23 -21 -20 -20  -15 -13 -13  -8  -8  -3  -6  -6

26   -7 -10 -10  -9 -11 -10 -11 -14  -12 -12 -12 -13 -14 -13 -11  -9   -8  -8  -6  -6  -4  -3   0   1
27   -1   1   2   2   3   2   1   3    6   9   9   7   4   6   7   7   10  10   9   8   5   6   7   6
28    7   8   7   7   6   4   6   6   -1  -4   0   1   0  -2  -1   8    6  -3 -10  -9 -22 -20 -11 -10