 1   -1   3   9  11  10   9   8   6    6   6  10  13   8   9   7   9    8   4   4   8   8   8   4   4
 2    5   8  13  18  10  10   7   6   -7 -15 -12 -10  -8  -7  -8  -5   -6  -9  -6  -2  -2 -20 -20 -13
 3  -10  -9 -11 -14 -11  -9  -8  -5   -5  -5  -7  -6  -3  -2  -7  -7   -5  -5  -7  -7  -7 -10 -12 -19
 4  -21 -19 -17 -16 -15 -11 -13 -11   -8  -6  -7  -7  -7  -6  -5  -9  -10 -12 -11  -3  -1   2   3   0
 5   -3  -6  -5  -4  -6  -7  -8  -8   -4  -1   0   1   1   0  -1  -2    0   2   4   8   9   6  -2  -2

 6   -5  -7  -8  -4  -2   1  -2  -5   -5  -2  -2  -2  -3  -7  -8  -5   -2   0   1   4   3   0  -1  -6
 7   -8  -8  -6  -3  -4  -3  -1   3    4   6   6   5   4   1  -2  -2    2   4   8   7  10  11  12   7
 8    4   5   5   5   5   5   4   6    9  10   9   8   8   9   9   7    6   4   4   7   9  12  13   8
 9    5   3   9   4  -1  -3  -3  -3   -7  -4   4   1   4   6   3   7    9   9  11  17  22  23  24  15
10  -16 -33 -28 -32 -51 -47 -35 -37  -39 -45 -39 -33 -27 -27 -20 -15  -13 -15 -22 -27 -26 -26 -30 -32

11  -38 -46 -52 -54 -60 -64 -69 -73  -72 -75 -68 -56 -53 -58 -58 -60  -58 -51 -47 -43 -35 -31 -25 -22
12  -20 -20 -20 -19 -18 -18 -18 -17  -16 -15 -14 -15 -15 -13 -14 -11   -9  -9 -10 -11 -11 -10 -11 -11
13   -9 -12 -18 -19 -14  -2   3  -4   -8 -11 -11  -5   0   2   2   0   -1  -2   1   6   6   7   8   7
14    2   0   3   7   8   9  11  11   13  12  10   6   9  10   0  -6   -7 -26 -26 -14 -13 -19 -36 -36
15  -28 -24 -21 -17 -21 -18  -8   0    3   0 -18 -42 -37 -36 -36 -30  -30 -32 -45 -51 -55 -44 -42 -43

16  -44 -36 -43 -47 -47 -55 -59 -71  -60 -54 -51 -41 -41 -47 -44 -41  -37 -42 -47 -51 -48 -52 -75 -78
17  -70 -65 -58 -54 -57 -60 -59 -55  -53 -48 -43 -42 -43 -45 -45 -40  -36 -35 -39 -39 -35 -33 -34 -36
18  -39 -40 -31 -25 -24 -23 -20 -17  -18 -15 -15 -12  -9  -8 -10 -16  -18 -20 -21 -24 -24 -28 -29 -29
19  -30 -27 -23 -22 -22 -19 -21 -19  -19 -22 -26 -23 -16 -17 -21 -21  -16 -14 -16 -20 -18 -17 -19 -22
20  -26 -25 -20 -16 -19 -13 -12 -11  -10  -6  -2  -3  -1   3  10  15   16  20  15  12   5  12   0  -6

21   -8 -16 -10 -11 -20 -23 -24 -28  -26 -17 -18 -16 -20 -19 -19 -25  -22 -18 -18 -13 -13 -16 -24 -22
22  -20 -16 -13 -12 -13 -14 -19 -20  -20 -20 -17 -12 -10 -11 -11  -9   -9  -6  -3  -4  -2  -1  -5 -10
23  -11 -10 -10 -16 -20 -13  -7  -6   -6  -8  -7  -3   2   3   1   1    2   1   0   0  -2  -4  -6  -6
24   -6  -9  -7  -8 -14 -16 -12  -9  -10 -10  -9  -9  -9  -8  -8  -6   -7  -8  -7  -5  -2  -1  -2  -2
25   -1   0   1   2   2   2   4   4    4   4   4   4   4   5   6   6    4   2   0   1   3   6   8   8

26    7   8  11  13  12  12  11  10    9   9   9  10   8   6   7   6    6   8   8   7   7   9   7   7
27    3   5   8   8   4   4   3   6   10   8   4   5   0  -4  -7  -7   -7 -11 -18 -20 -21 -17 -21 -27
28  -31 -25 -18 -13 -14 -15 -15 -13   -7  -9 -16 -17 -12 -11 -13 -13  -14 -16 -10   0   6   2   0  -2
29   -7  -5  -3  -2  -5  -6  -2   0    1  -1  -2   0   2   2   2   1    0   2   2  -3  -8 -13 -15 -11
30   -6   1   6   8   9   7   4   1    1   2   2   4   5   6   5   5    6   7   7   2   3   5   5   2
