 1   -6  -9  -8  -7 -10 -14 -16 -16  -13 -11 -14 -13 -11  -9  -8  -7   -4   0  -4 -11 -13 -13 -10  -4
 2   -1   0  -1  -2  -4  -5  -4  -4   -2  -1  -2  -3  -3  -4  -4  -1    0   1   2   2   3   4   4   1
 3   -1  -2  -2  -3  -1   1  -1   0    0  -1  -2  -1   0   0   0   1    3   4   2   0   0   0   0  -1
 4    0   0   0   0   0   0   1   1    3   2   2   0   1   2   3   2    2   3   4   5   3   2   2   2
 5    1   1   2   3   2   2   2   2    2   4   9  10   9   9   9  10    9   8   8   8   9   9  11  13

 6   14  15  15  17  18  20  19  20   19  20  19  14   5   4   4   5    5   5   7  11  12  11   9   8
 7    9  10   9   7   6   2  -1  -6   -4   2   8  10  15  20  20  20   20  21  25  24  16   8  11  14
 8   13   6   4   7   9   2 -21 -66  -73 -60 -52 -43 -66 -71 -66 -62  -63 -62 -65 -57 -56 -54 -46 -45
 9  -40 -36 -36 -33 -35 -35 -33 -34  -27 -24 -24 -23 -26 -28 -35 -38  -36 -39 -42 -39 -40 -38 -35 -30
10  -31 -26 -25 -24 -22 -22 -25 -24  -26 -26 -25 -24 -24 -27 -30 -31  -29 -26 -26 -27 -30 -30 -24 -24

11  -23 -26 -26 -33 -32 -28 -23 -25  -26 -24 -22 -21 -22 -25 -27 -31  -29 -26 -24 -23 -25 -26 -25 -21
12  -18 -18 -21 -24 -23 -23 -22 -19  -15 -13 -13 -15 -17  -2   2   3   11  17  15  13   6  -1  -1  -1
13   -3 -10  -9  -8  -9 -12 -11 -14  -10 -12 -17 -16 -16 -17 -19 -19  -17 -19 -21 -21 -21 -16  -8  -7
14  -14 -16 -15 -15 -17 -18 -18 -22  -22 -25 -24 -22 -20 -19 -17 -14  -12 -17 -14 -15 -17 -21 -18 -17
15  -18 -17 -19 -22 -24 -21 -21 -19  -17 -19 -21 -26 -29 -28 -27 -32  -34 -29 -24 -29 -28 -27 -22 -22

16  -27 -26 -22 -20 -19 -22 -22 -24  -28 -30 -27 -24 -23 -24 -25 -26  -28 -29 -23 -16 -14 -14 -13 -15
17  -14 -12 -18 -22 -29 -30 -33 -35  -37 -38 -35 -36 -39 -39 -39 -44  -41 -36 -34 -32 -32 -33 -34 -32
18  -30 -26 -22 -19 -18 -22 -22 -20  -20 -19 -19 -18 -22 -26 -30 -32  -31 -28 -25 -23 -23 -24 -20 -18
19  -18 -22 -25 -22 -22 -24 -24 -22  -17 -17 -18 -19 -18 -18 -19 -20  -18 -15 -13 -11 -12 -11 -13 -15
20  -14 -13 -13 -11  -8  -9  -7  -7   -9 -10 -11  -8  -9  -8  -8 -10  -12 -14 -12  -9  -6  -4  -3   0

21    1  -1  -1   2   1  -1  -1  -3   -2  -1  -1   0   2   2   1   0    9  34  36  32  22  22  15  11
22    8   8   9   8   7  11  13   4    6  -2  -5   2  -1  -6 -18 -35  -51 -41  -9 -53 -121 -107 -97 -102
23 -101 -131 -147 -179 -204 -185 -179 -162 -161 -162 -157 -145 -138 -128 -112 -114 -111 -110  -98 -89 -98 -101 -101 -93
24  -91 -85 -83 -86 -83 -84 -86 -86  -80 -79 -77 -78 -79 -69 -56 -57  -55 -56 -53 -47 -52 -57 -59 -60
25  -55 -46 -36 -33 -34 -32 -36 -50  -43 -48 -55 -55 -51 -66 -84 -86  -86 -84 -82 -86 -85 -78 -72 -69

26  -63 -65 -62 -56 -59 -61 -57 -54  -49 -52 -53 -51 -52 -52 -54 -55  -55 -57 -56 -56 -55 -51 -46 -39
27  -43 -44 -40 -32 -35 -39 -40 -41  -42 -40 -40 -44 -43 -43 -40 -38  -37 -36 -37 -39 -35 -34 -32 -38
28  -44 -44 -37 -36 -38 -48 -54 -55  -47 -46 -51 -49 -47 -45 -44 -47  -43 -41 -40 -46 -43 -44 -40 -38
29  -34 -32 -29 -26 -26 -28 -32 -30  -30 -30 -24 -21 -23 -27 -31 -31  -30 -33 -32 -33 -33 -33 -31 -27
30  -21 -19 -24 -26 -24 -22 -24 -24  -22 -19 -19 -18 -19 -15 -14 -16  -16 -17 -15 -15 -12 -10 -13 -16