1   11  13  13   6  -1  -6  -2   0    0  -1  -1  -3   0   2   1   4    6   5   5   7  11  14  12   9
 2    7  10  12  10   9   8   5   3    3   4   6   9   8   7   5   4   -1  -3  -3  -4   0  -4  -2  -7
 3  -11  -7  -4  -4  -7  -4  -2  -7  -12  -8  -8  -9  -8  -7  -3  -5   -5  -3  -3  -1   3   6   5   4
 4    1   1  -4  -3   1   1  -2  -4   -6  -3   3   5   3   2  -5  -6   -7  -6  -2   2  -4  -3   1   2
 5    5   8   7   6   7   4   1  -2   -5 -10  -8  -4  -3  -1  -2  -2   -6  -9  -9  -8  -6  -1   6   2

 6   -3   2  18  15  17  11   3   0    0  -7 -17 -18 -15 -13 -12 -16  -15 -26 -28 -23 -19 -17 -13  -4
 7    5  10   8   3  -1  -7  -7 -10   -9  -9  -9  -9  -9  -5  -4  -7   -5  -9 -13  -7  -2   5   2  -5
 8   -4  -2   0  -3   9  12  10   3   -5  -6  -6  -3  -6  -6  -6  -6   -8  -7  -6  -7  -6  -4  -5  -3
 9   -2  -2   0   1  -1  -2   0   2    4   4  13  16  21  24  22  17    5  14  15   8  13  14   4   5
10    6   8  10  12   9   2   0  -9  -11 -10 -21 -29 -20 -16 -14 -10  -11 -10  -8 -12 -14 -16 -17 -20

11  -22 -32 -40 -47 -51 -45 -42 -35  -28 -26 -28 -31 -32 -32 -30 -33  -34 -29 -30 -34 -32 -27 -23 -14
12   -9  -6  -5 -12 -23 -32 -30 -29  -35 -39 -39 -42 -38 -30 -27 -26  -32 -39 -44 -43 -33 -17  -9 -12
13   -9 -26 -40 -40 -30 -49 -76 -72  -67 -62 -64 -68 -67 -65 -59 -58  -57 -60 -60 -65 -66 -57 -45 -30
14  -24 -23 -24 -30 -31 -33 -27 -24  -27 -23 -21 -22 -23 -22 -26 -29  -32 -30 -26 -24 -21 -25 -20 -13
15  -10  -8  -8 -12 -15 -15 -20 -24  -23 -24 -24 -22 -21 -22 -22 -22  -22 -22 -22 -21 -18 -13  -9  -5

16   -5  -4  -5  -9 -10 -13 -15 -12  -10 -12 -13 -15 -15 -13 -14 -14  -14 -14 -15 -11  -8   0   1   3
17    4   3   1   0   1  -3 -10 -14  -11  -9  -7  -6  -5  -5  -6  -2   -1  -1  -4  -1   1   4   4   4
18    8  11  14  14  17  18  15  14   11   5  15   7 -11 -16 -10  -9   -8 -12 -11  -9  -4  -2 -17 -42
19  -33 -21 -28 -44 -35 -33 -31 -25  -21 -18 -14 -11 -10 -12 -18 -26  -25 -23 -21 -17 -18 -15 -14 -15
20  -15 -14 -14 -20 -20 -14 -15 -12  -11 -11 -10 -11 -15 -18 -18 -16  -17 -18 -19 -20 -19 -20 -22 -22

21  -19 -16 -15 -12 -10 -10  -9  -9   -9 -10  -9 -10 -11 -10 -12 -11  -12 -12 -10  -7  -6  -5  -4  -4
22   -7  -7  -5  -2  -1  -3  -3  -5   -4  -3  -1  -1   0  -4  -2  -2   -3  -3  -4  -3  -4  -2   0   2
23    4   5   4   4   6  10   8   5    2   0  -1   0   2   6   6   8   11  10  11  12  13  11  10   7
24    5   4   1  -4  -6  -7  -4  -4   -2   1   3   3   3   4   5   5    3   4   3   0  -1   0   0   0
25    1   2   2   3   4   4   6   9    9   7   6   5   5   4   3   2    3   4   5   5   6   8   9  12

26    9   8   8  11   7   5   5  10   13  13  12  11   7   5   3   5    3   3   0   3   4   7   8   9
27   10  10   9  10  10  11  10   7    7   7   4   3   3   7   5   0   -4  -5  -7 -10  -9  -5  -5  -7
28  -10  -5  -1   4   4   4   4   7    9   8   8   2  -6  -7  -5  -4   -4  -4   0   2   8  13  12   7
29    8  11  11   9   9  10  13  12   12  13  13  13  10  11  10   9    8   8   9   9   9   9   8   9
30   12  16  15  12  11  11   9   9   13  13  11  11  10  13  12  10    8   8   9   8   8   9   6   3

31    6   6   4   0   0   1   2   2    0   1   2   0   0   1   4  12   11   9  13  14  13  14  15  11

