 1    4   7   7   7   5   6   5   2    3   3   5   4   7   4   5   6    8  10  13  13   6   3   5   8
 2   12  11   7   7   8   8   6   5    4   4   6   9   8   9   8  10   16  19   6   4   0  -1  -3  -5
 3   -2   1  -3  -5  -4  -4  -6  -5   -6  -4  -1   5  10  13  16  15   14  14  13  11   6  10   6  -4
 4  -22 -32 -31 -34 -31 -30 -37 -30  -23 -20  -9  -8  -6  -8 -13 -12  -16 -17 -20 -21 -19 -13 -12 -12
 5  -10  -7  -6  -5  -9  -8 -12 -14  -10 -11  -6   0   0  -5  -9  -9  -12 -15 -12  -6  -7  -9  -8  -7

 6    1   1   4   5   0  -9 -14 -15  -10 -10 -10  -9  -7 -15 -13  -6   -4  -4 -10 -16 -18 -11  -5  -2
 7    0  -1  -3  -1  -1  -5 -11 -21  -22 -23 -16 -12  -9  -3 -10 -25  -35 -38 -43 -54 -68 -64 -63 -59
 8  -53 -66 -66 -52 -35 -23 -23 -22  -22 -16  -8  -4   7  10   4   3    3   0  -1   0   0  -1  -7  -7
 9   -8 -21 -36 -48 -57 -72 -77 -76  -89 -93 -85 -88 -88 -80 -73 -77  -78 -71 -76 -80 -83 -82 -69 -54
10  -46 -40 -38 -38 -36 -32 -30 -28  -29 -33 -28 -24 -16 -11 -13 -12   -8 -25 -27 -37 -17  -4   1 -10

11   -8  -9  -4  -7 -11 -22 -17  -8  -41 -55 -52 -43 -46 -63 -69 -68  -62 -57 -46 -42 -39 -37 -38 -43
12  -36 -31 -28 -32 -32 -29 -27 -31  -28 -28 -30 -30 -24 -21 -18 -18  -20 -22 -22 -20 -23 -18 -17 -16
13  -14 -15 -14 -14 -10  -7  -7 -11  -17 -27 -26 -22 -20 -20 -17 -21  -26 -30 -28 -26 -22 -25 -24 -20
14  -18 -19 -18 -13 -11 -15 -16 -15  -12  -8 -13 -15 -12 -10  -9 -20  -31 -32 -25 -24 -22 -23 -26 -25
15  -23 -25 -25 -22 -12 -10 -11 -14  -17 -13 -10 -11 -13 -17 -15 -15  -21 -22 -20 -18 -20 -23 -22 -22

16  -15 -12  -8  -8  -9  -4  -7 -11   -7  -6  -6  -6  -6  -7  -9  -6   -6 -11 -10  -8  -6 -14 -14 -14
17  -14 -13 -11 -15 -13 -13 -19 -20  -15 -15 -15 -13 -11 -11 -11 -10  -11 -11  -9  -6  -7  -5  -4  -3
18   -8  -6  -4  -5  -4  -2  -8 -13  -17 -24 -21 -20 -21 -20 -16 -20  -18 -17 -16 -14 -11  -9 -11 -16
19  -12 -18 -19 -17  -6   1  -1 -18  -26 -20 -15  -8  -5  -6  -5  -5   -5  -5  -6  -1  -3  -1  -4  -1
20    5  -1   3  -4 -12 -10  -1 -33  -55 -62 -68 -68 -59 -56 -59 -64  -57 -50 -49 -44 -40 -36 -31 -33

21  -32 -26 -24 -24 -21 -22 -20 -19  -18 -19  -9 -11  -4   1  -6 -10  -15 -13 -15 -12 -10  -6  -7  -1
22    3   0   0   2   4   3  -3 -17  -16 -14 -10  -3   2   2  -1  -1   -2  -4  -9 -14 -16  -9  -6  -5
23   -5  -6  -1   7   8  11  10   8   -2 -15 -17 -17 -13  -7  -3  -9   -9 -29 -27 -15  -8  -4  -2  -1
24   -3  -4  -9  -6  -6 -12 -13 -14  -16 -18 -15 -10  -6  -3   0   3    2  -4 -11 -14 -13  -7  -4   0
25    0  -3  -1   6   7  10   8   4    2  -1  -4  -6  -6   0   2   4    2   1  -2  -1  -2   0   3   4

26    3   0   4   5   5   5   2  -1   -3  -5  -3   2   9  13  13  10    6   3   3   1  -2   4   7   8
27    5   0   2   6   7   7   7   7    4   2   6   7   8  10  11   9    8   7   6   6   2   4   4   4
28   -1  -5  -4   3  10  14  12  10   10   6   6   8  12  16  15  15   12   8   4   3  -1   1   0  -3
29   -4  -9 -11 -12 -10  -8  -6  -6   -9  -9  -3   0   5   9  10   9    9   5   6   5   9  10  11   8
30    0  -1   6  13  20  27  24  18   15  13  14  16  19  25  28  25   21  18  20  21  21  23  24  22