1   -7  -8  -5  -3  -4  -5  -7  -6   -7  -4  -5  -9 -11 -12 -12 -13  -12 -13 -14 -12 -12 -15 -18 -17
 2  -15 -14 -11 -12 -11  -9  -8  -8   -9  -7  -7  -6  -7  -6  -7 -10  -10  -9  -9 -10 -12 -10  -9  -7
 3   -6  -8  -7  -4   1   2   2   2    1  -1   0   2   3   4   2   1   -2  -2  -1   3   6   5   2   2
 4    4   3   5   8   7   7  10  12   13  13  14  15  11  15  21  32   34  22   7  -7  -7 -49 -58 -51
 5  -45 -50 -59 -53 -66 -68 -57 -54  -54 -52 -47 -46 -42 -43 -50 -50  -48 -45 -41 -36 -36 -36 -33 -32

 6  -31 -37 -49 -50 -39 -37 -35 -37  -37 -36 -34 -30 -29 -30 -30 -29  -29 -33 -34 -35 -34 -32 -30 -26
 7  -26 -28 -24 -21 -21 -22 -21 -17  -15 -19 -18 -18 -19 -20 -24 -25  -23 -20 -18 -19 -20 -22 -22 -22
 8  -21 -22 -22 -21 -20 -18 -16 -12   -8  -8  -9 -13 -15 -14 -15 -17  -20 -22 -17 -14 -10  -8  -6  -4
 9   -6 -11 -15 -17 -19 -20 -12  -5   -4  -6  -4  -5  -4  -4  -5  -7   -5  -2  -3  -5  -5  -6  -4  -5
10   -9 -13 -14 -13 -11  -9  -7  -6   -6  -2   0   0  -2  -1  -3  -2    4   8   9  13  18  19  27  24

11    7   3  -2 -17  -7  -7 -17 -18  -21 -21 -17 -24 -24 -26 -25 -28  -26 -21 -23 -23 -22 -19 -21 -19
12  -16 -21 -19 -20 -22 -22 -18 -17  -15 -16 -18 -18 -16 -19 -19 -18  -17 -15 -14 -18 -26 -22 -18 -14
13  -14 -11  -9 -16 -29 -37 -38 -41  -47 -51 -56 -59 -51 -56 -58 -61  -59 -51 -52 -47 -45 -52 -52 -48
14  -43 -38 -36 -36 -36 -33 -30 -25  -21 -19 -17 -16 -17 -21 -24 -25  -21 -15 -10 -13 -14 -13 -13 -14
15  -13 -12 -10  -9 -11 -14 -14  -9   -7  -5  -5  -2  -1  -4  -9 -11  -13 -14 -16 -16 -16 -16 -13 -16

16  -16 -17 -15 -16 -13 -17 -17 -14  -15 -13 -13 -15 -14 -14 -18 -23  -23 -20 -18 -17 -20 -21 -22 -19
17  -15 -10 -11 -16 -17 -18 -18 -13  -10 -10 -11 -13 -15 -15 -12 -11   -8  -7 -11 -12 -12 -11 -12 -14
18  -15 -12 -10 -10 -10  -8  -9  -4   -1   0  -1  -5  -6  -5  -3  -4   -2  -1  -1  -6  -8  -9  -9  -9
19   -7  -2   0  -1  -4  -5  -5  -1   -1   0   2   2   3   3   2   3    3   4   4   6   6   6   7   9
20    6   3   5   7   8   7   7   4    3   4   4   4   4   5   8  16   16  16  16  17  19  19  19  21

21   25  29  17  11  12  14  16  13   13   3   3   4   4   1   0   2    3   4   2   3   6   3   4  -1
22   -8  -7  -3   0   2   4   5   8    8   8   7   7   7   9   9   3    7   7   1   1   2   2   3  -1
23   -9  -3   4   0  -9 -28 -50 -63  -64 -56 -51 -48 -49 -55 -55 -50  -47 -42 -43 -52 -51 -46 -42 -44
24  -42 -37 -30 -27 -26 -26 -23 -21  -18 -16 -17 -18 -19 -20 -23 -26  -27 -28 -26 -25 -26 -26 -24 -23
25  -22 -24 -29 -29 -25 -19 -15 -13  -17 -21 -16 -14 -12 -16 -20 -20  -20 -21 -21 -22 -24 -28 -32 -34

26  -36 -31 -29 -30 -28 -23 -20 -14  -12 -14 -15 -17 -16 -18 -23 -24  -22 -18  -9  -7  -3  -4  -7  -7
27   -7  -8 -11 -12  -7  -4  -7  -9  -12 -15 -13 -11 -14 -13 -13 -15  -16 -17 -17 -17 -15 -15 -15 -11
28   -9  -9  -8 -10 -15 -12  -9  -6  -12 -17 -17 -18 -18 -18 -20 -21  -18 -18 -18 -15 -15 -16 -17 -14
29  -12 -11  -8  -9  -7  -4  -5  -2   -1   2   4   2   5   5   0  -2    0   1  -4  -8  -7  -6  -8  -9
30   -5  -2   0  -2  -6  -5   3   7    9   9  11  11   9   6   4   9   18  17   2 -10 -23 -19 -17 -12

31  -16 -18 -24 -28 -23 -15 -10  -8   -9  -9  -5   1  -2  -3  -1  -3   -4 -17 -15  -9 -12 -19 -27 -30
