 1  -14 -14 -15 -13 -12 -14 -13 -10   -8  -7  -3  -1   3   7  10   7    3   1   0  -3  -5  -7  -7 -15
 2  -22 -21 -16  -7  -3  -4  -5   0   -1   2  10   8   8   4  -4  -2    0  -3 -17 -30 -42 -42 -38 -31
 3  -32 -36 -28 -20  -9 -18 -29 -27  -23 -25 -23 -25 -20 -17 -12 -12  -14 -15 -16 -15 -12 -13 -14 -16
 4  -16 -17 -14  -9  -8 -13 -20 -26  -28 -27 -21 -28 -41 -51 -55 -55  -62 -51 -56 -58 -61 -71 -61 -53
 5  -63 -46 -37 -31 -33 -44 -47 -40  -40 -36 -31 -29 -30 -30 -25 -24  -22 -24 -24 -28 -32 -39 -37 -37

 6  -39 -34 -32 -27 -24 -30 -31 -29  -33 -42 -38 -30 -27 -23 -20 -22  -26 -24 -25 -13 -14 -20 -21 -13
 7   -9   1   6   6   6   1   7  18  -21 -66 -97 -99 -93 -93 -94 -90  -80 -66 -54 -42 -38 -32 -43 -45
 8  -48 -52 -41 -41 -40 -34 -41 -47  -49 -50 -48 -46 -41 -36 -29 -32  -36 -33 -31 -31 -27 -27 -31 -35
 9  -36 -38 -36 -31 -24 -24 -28 -30  -35 -36 -31 -30 -25 -24 -23 -21  -26 -28 -28 -26 -24 -21 -18 -20
10  -26 -30 -23 -19 -17 -14 -19 -21  -23 -24 -21 -23 -21 -15 -10  -8  -10 -16 -16 -15 -11 -12 -11  -8

11  -11 -16 -19 -18 -16 -19 -20 -21  -29 -29 -24 -26 -29 -30 -26 -21  -21 -22 -20 -18 -14 -21 -22 -19
12  -19 -18 -16 -16 -11 -10 -13 -10  -10 -13 -17 -26 -30 -30 -27 -26  -21 -21 -19 -20 -19 -18 -17 -12
13  -14 -15 -14 -12  -8  -8  -9 -10   -8  -9  -8 -11 -17 -24 -16 -13  -11 -12 -12 -11 -11 -17 -16 -15
14  -19 -18 -17 -15 -14 -12  -9  -6   -5  -9 -16 -20 -22 -20 -11  -6   -4  -5  -8  -9  -7  -6  -6  -7
15   -9  -8  -9  -7  -5  -5  -5  -8   -5   0   4  -3  -7  -7 -14 -14  -10  -9  -8  -7  -4  -3  -6  -5

16   -3  -2   0   0 -12 -14 -11 -13   -7  -4  -3  -9 -11 -11  -6  -4   -5  -8  -8 -11 -10  -6  -6  -6
17  -11 -14 -13 -12 -17 -21 -18 -14  -14 -14 -13  -7  -5  -5  -6  -4   -2   0  -2  -3  -5  -2  -6  -6
18   -3  -4  -5  -5  -4  -3  -1   2    4   5   5   6   8   5   1  -1   -3  -1  -1  -3  -6 -11  -8  -8
19   -4  -4  -5  -2   0  -1  -4  -4   -3   0   5   5   6   8  10  10    9   7   4   1   0  -1  -7 -15
20  -13  -8  -5  -4  -3  -4  -3  -3   -6  -9  -8  -4  -1   2   8  10   11  12  13  13  15  19  26  37

21   43  37  39  44  37  41  33  27   15  12  16  20  18  14   8   1   -8  -8  -9 -11  -6  -4  -3   1
22   -1  -7  -6  -6 -12 -11  -9  -6   -6  -8 -11 -13 -14 -19 -17 -14  -10  -9  -7  -8  -6  -5  -5  -6
23   -4  -6  -7  -8  -8  -7 -10  -5   -2  -7  -9 -10 -11  -6  -3  -1   -2  -4  -5  -7  -5  -4  -3   0
24    2   0   0   1  -2  -2   1   3    1  -4  -8 -13 -14 -11  -8  -7   -9  -8  -6  -4  -6  -3   2   2
25   -1  -2  -1  -2   0   3   2   4    6   3   0   1   0  -1   1   1   -2  -2   0   4   5   6   7   6

26   -1   0  -3 -11  -7  -6  -1   1   -3 -14 -34 -22 -17 -15 -14 -18  -23 -22 -17 -16 -14 -13 -14 -16
27  -17 -15 -12 -10 -18 -19 -19  -7   -7  -9  -9 -11  -9  -5   1   0   -1  -2  -1   3   3 -10 -15 -15
28   -8  -9  -9  -5  -3  -7 -13 -14  -10  -9  -9 -10  -7  -4  -3  -6   -9  -7  -2   0  -2  -2   2   3
29    2   3   1  -4  -8 -11 -11  -8   -5  -3  -2   5   0  -1  -3  -1    1   6  -1  -2 -12  -4  -1  -5
30   -7  -4  -4  -7  -8 -13 -14  -9  -14 -14 -10  -9  -8  -5  -6  -7   -9 -16 -20 -24 -24 -26 -20 -11

31   -8  -7  -7 -10 -12 -13 -14 -16  -18 -17 -12  -9  -8  -4  -5 -10  -11 -12 -15 -14 -10  -9 -14 -11
