1   -8  -3   0  -2  -2   0   0  -1   -4  -7  -6   2   9  10  11   9    2  -3  -4   3   4   5   6   5
 2   -1  -4 -10  -8  -4  -3  -6  -7  -10 -10  -3   1   2  -3  -6  -8   -4   1   8   9   5   4  -1   0
 3    2   4   5   6   8   5   4   0   -1  -1   2   6   5   1  -2  -2   -3   1   6   9   9   8   3   6
 4    7   4   5   5   6   6   4   0    2   3   8  12  15  15  12   7    6   8  10  11   8   5   4   7
 5    7   7   6   4   4   2   4   4    3   3   7  12  14  16  16  13   13  15  15  11  10   7   6   7

 6    8   9  11  14  16  15  14  13    6  -5 -12  -9  -2  -1   4   3    1   1   1   1   5   4   4   2
 7   -2  -4  -7  -4  -4  -5   3  -7   -9 -14 -12 -12 -14 -11 -10 -13   -8   6   6   6   1  -1  -4  -6
 8   -7  -3   1   2   4   3  -4  -7  -10 -17 -18 -25 -22 -20 -12  -9   -9 -10  -8  -7 -15 -18 -12  -4
 9   -2  -3  -1  -3  -6 -12  -4  -7  -13 -16 -10  -4   1   7   6   2    1  -4  -7  -7  -5  -5   0   2
10    2   1   2  -1  -6  -4  -3  -8  -15 -18 -14  -9  -4  -4  -3  -1    1   2  -5 -12 -12  -4   0   0

11    5   0  -6  -4  -5  -4  -5  -8   -9 -12 -12  -5  -3  -4  -3  -3   -1  -3  -3  -1  -2   0   3   6
12    9   8   7   4   4  -3  -3  -4   -4  -2   2   3   4   3  -2  -7   -3  -2  -6 -14 -15  -8 -10 -14
13  -20 -23 -23 -18 -17 -15 -12 -16  -19 -20 -16 -15 -16 -16 -14 -12  -13 -17 -21 -22 -25 -20 -15  -9
14   -2   3   4   2   1   1  -1  -3   -4  -4  -1   1   2   3   2   1    1  -1   2   6   7   9   9   6
15    9   5   0   6   6   6   4   5   21  26  15 -22 -56 -44 -53 -49  -50 -52 -54 -57 -53 -43 -42 -46

16  -55 -57 -56 -57 -57 -64 -76 -84  -78 -69 -51 -40 -33 -31 -32 -33  -30 -28 -25 -29 -38 -40 -37 -34
17  -29 -26 -28 -26 -30 -35 -34 -39  -37 -38 -37 -37 -34 -31 -32 -34  -38 -38 -34 -26 -33 -30 -25 -20
18  -18 -21 -22 -25 -24 -18 -21 -20  -17 -21 -19 -15 -15 -17 -16 -18  -16 -16 -14 -12 -12 -11 -13 -12
19  -21 -30 -31 -33 -40 -45 -51 -48  -47 -41 -33 -25 -21 -19 -20 -11  -13 -12 -15 -15 -19 -19 -20 -14
20  -14 -15 -11  -9  -9 -12 -10  -9  -11 -16 -11  -5  -6  -6  -3  -4   -6 -11 -13 -12 -13 -11 -13  -9

21   -2  -3  -5  -9 -11 -10  -8  -5   -2  -1   3   0  -2  -3  -5  -3    0   0  -3  -3  -1   0   2   0
22   -1   0   1  -2  -4  -1   1   0   -2  -9 -10  -6 -14 -18 -20 -21  -17 -15 -13 -10  -7  -3   4   4
23    5   2  10   9   8  10   7 -13  -43 -44 -33 -28 -21 -23 -17 -31  -28 -29 -29 -26 -25 -22 -20 -15
24  -15 -15 -12 -10 -11 -13 -14 -19  -22 -19 -16 -13 -13 -12  -9  -7   -5  -4  -4  -8 -13 -10  -7  -5
25   -1   0  -1  -5  -9 -12 -13 -14  -13 -11  -7  -6  -4  -6  -7  -8   -6 -10 -14 -18 -19 -11  -3  -5

26   -8  -9 -11 -10 -11  -4  -7 -19  -26 -37 -26 -20 -24 -22 -32 -39  -46 -52 -54 -62 -67 -67 -59 -46
27  -41 -48 -61 -60 -67 -77 -70 -71  -67 -59 -56 -55 -55 -56 -50 -49  -56 -68 -77 -88 -91 -88 -84 -71
28  -51 -42 -41 -52 -64 -72 -77 -80  -85 -88 -84 -71 -60 -53 -53 -65  -66 -71 -74 -69 -62 -50 -40 -34
29  -31 -35 -29 -29 -28 -23 -24 -26  -27 -24 -22 -18 -13 -11 -12 -13  -16 -15 -18 -16 -15 -14 -13 -14
30  -15 -15 -13 -10  -7  -7  -9 -11  -11  -9  -7  -7  -7  -8  -6  -4   -5  -4  -3  -1  -2  -4  -5  -7

31  -10 -10  -9  -7  -6  -4  -3  -1   -1  -2  -1   0  -2  -3  -2  -3   -2  -4  -1  -1   0   0  -2  -1